__________________________________________________________________________________________________
Layer (type)                    Output Shape         Param #     Connected to                     
==================================================================================================
input_2 (InputLayer)            (None, 10, 25)       0                                            
__________________________________________________________________________________________________
input_1 (InputLayer)            (None, 50)           0                                            
__________________________________________________________________________________________________
input_3 (InputLayer)            (None, 100)          0                                            
__________________________________________________________________________________________________
time_distributed_1 (TimeDistrib (None, 10, 25, 100)  7500000     input_2[0][0]                    
__________________________________________________________________________________________________
embedding_1 (Embedding)         (None, 50, 100)      7500000     input_1[0][0]                    
__________________________________________________________________________________________________
embedding_2 (Embedding)         (None, 100, 10)      2100        input_3[0][0]                    
__________________________________________________________________________________________________
time_distributed_2 (TimeDistrib (None, 10, 256)      274944      time_distributed_1[0][0]         
__________________________________________________________________________________________________
cu_dnngru_1 (CuDNNGRU)          [(None, 50, 256), (N 274944      embedding_1[0][0]                
__________________________________________________________________________________________________
cu_dnngru_2 (CuDNNGRU)          [(None, 100, 256), ( 205824      embedding_2[0][0]                
__________________________________________________________________________________________________
concatenate_1 (Concatenate)     (None, 160, 256)     0           time_distributed_2[0][0]         
                                                                 cu_dnngru_1[0][0]                
                                                                 cu_dnngru_2[0][0]                
__________________________________________________________________________________________________
flatten_1 (Flatten)             (None, 40960)        0           concatenate_1[0][0]              
__________________________________________________________________________________________________
dense_1 (Dense)                 (None, 41)           1679401     flatten_1[0][0]                  
==================================================================================================
Total params: 17,437,213
Trainable params: 17,437,213
Non-trainable params: 0
__________________________________________________________________________________________________

          return     get     set   check    call   initi      is    read   creat     add   write   handl     for    find convert    test    send   alloc    free   gener    pars    note      if      do   remov    name   print   updat     use  routin  helper process   enabl    copi      to   start    load   setupcallback    open   other
  return    1100      78       4      29       0       6      17      11       5       2       1       0       1      19      11       3       1       8       0       1       6       2       1       4       4       6       0       2       3       1       0       4       2       0       3       1       2       0       0       0     657
     get      66     591       3       1       1       3       8      10       0       0       0       3       5       4       3       1       1       1       0       1       3       1       0       0       0       0       0       0       0       2       0       0       0       4       1       0       0       1       0       0     279
     set       8       4     702       4       1      12      11       0       1       0       6       2       2       0       2       0       4       3       0       1       1       0       1       0       0       4       2       7       1       3       1       0       7       1       0       2       0      10       0       0     340
   check      23       6       5     332       1       3       9       0       0       1       0       1       0       0       1       6       0       1       0       1       2       0       2       0       0       0       0       0       0       3       0       0       0       0       0       0       1       0       0       0     208
    call       3       1       6       2     443       7      10       2       0       0       1       5       0       1       0       0       3       2       2       1       0       0       1       0       0       0       0       3       0       1       0       3       0       0       0       3       1       1       1       0     218
   initi       7       5       3       0       1     536       0       0       2       0       0       0       0       0       2       0       0       0       0       0       0       0       0       0       0       0       0       0       0       2       0       0       1       0       1       1       0       3       0       0     183
      is      35       7      11      16       1       6     485       1       4       1       5       7       1       6       5       0       2       1       3       1       5       0       1       0       3       0       4       3       2       4       1       1       0       1       0       5       0       0       2       0     354
    read      14       5       1       0       0       1       1     346       0       0       1       3       0       0       1       3       1       1       0       1       0       0       3       0       0       2       1       2       0       0       2       3       0       0       0       0       1       0       0       0     178
   creat      10       2       2       3       0      15       2       0     286       1       2       1       2       1       4       0       1       5       0       0       1       0       2       0       0       0       0       1       1       1       3       0       0       2       1       1       0       1       0       1     168
     add       1       3       3       2       0       2       6       0       0     222       0       0       1       0       0       0       1       0       1       1       0       1       0       1       0       0       0       0       0       0       0       0       0       1       0       0       0       0       0       0     119
   write       4       0       2       1       2       0       2       1       2       0     278       0       0       0       2       4       1       2       1       2       0       0       0       0       0       0       3       0       0       2       0       1       0       2       0       1       0       0       0       0     110
   handl       2       1       3       1       5       2       1       1       0       2       1     283       0       0       0       1       1       0       0       0       0       3       0       2       0       0       1       1       2       1       0       2       0       0       0       0       0       1       0       0     142
     for       7       1       1       2       3       0       1       0       0       1       1       0      68       0       0       0       0       0       0       0       0       1       1       0       0       0       2       0       0       0       1       0       0       1       0       0       0       0       0       0      99
    find      20      14       0       2       1       1       3       2       0       0       0       0       0     198       1       0       0       0       0       1       1       0       0       0       0       0       0       0       0       1       0       0       0       0       0       0       0       0       0       0     136
 convert      12       5       0       1       0       0       0       0       0       0       1       0       2       0     174       0       0       0       0       0       2       0       2       0       0       0       0       0       0       0       0       0       0       1       2       0       0       0       0       0     130
    test       7       0       0       3       0       0       1       1       2       0       0       0       0       0       0     115       1       0       0       0       0       0       0       0       0       0       1       0       0       0       0       0       0       0       0       0       0       0       0       0      98
    send       3       0       4       2       1       2       1       0       1       0       1       0       0       0       1       0     185       1       0       0       0       0       0       1       1       0       0       1       0       0       0       1       0       0       1       0       0       1       0       1      88
   alloc       9       3       0       0       1       3       0       0       1       1       0       0       0       1       0       0       0     197       0       0       0       3       1       1       0       3       0       0       0       0       0       0       0       0       0       0       0       0       0       0      81
    free       0       0       1       0       2       0       1       0       0       0       0       0       0       0       0       0       0       0     209       0       0       0       1       1       1       0       0       0       0       0       1       1       0       0       2       0       0       0       0       0      93
   gener      52      18       1       8       4       9       5       0       2       3       2       4       0       1       5       1       5       2       1     147       0       0       2       0       7       0       4       0       1       1       0       0       0       0       0       3       1       4       0       1     358
    pars       2       2       0       0       1       1       0       2       0       0       0       0       0       0       0       0       0       0       0       0     122       0       0       0       0       0       0       0       1       2       0       1       0       1       0       1       0       0       0       0      55
    note       6       1       3       0       0       1       2       1       0       2       2       3       0       0       0       0       2       0       0       2       1     107       1       0       1       2       0       0       1       0       0       0       0       1       0       1       0       0       1       0      90
      if      11       2       6       3       1       2       3       1       1       0       0       1       0       0       0       1       0       1       0       1       1       0     121       1       0       0       0       0       0       1       1       0       0       0       0       1       0       0       1       0     138
      do       4       1       1       3       2       1       1       1       0       0       0       0       2       0       0       0       1       0       0       1       0       0       0      99       1       0       0       0       1       0       0       0       0       0       0       0       0       0       0       0      86
   remov       0       2       1       0       1       0       2       0       0       0       0       1       0       0       0       0       0       0       1       0       0       1       0       0     148       0       0       0       1       0       0       1       0       0       0       0       0       0       0       0      65
    name      27      15      11       1       0       7       5       0       1       2       0       3       1       0       1       0       1       5       1       0       0       0       0       0       4      81       0       0       0       0       0       0       1       0       1       0       0       0       0       1     134
   print       1       0       0       1       1       0       0       0       0       0       2       0       0       0       1       1       1       0       0       0       0       0       0       0       0       0     123       0       2       1       0       0       0       0       0       0       0       0       0       1      74
   updat       2       1       4       0       4       1       0       2       0       0       1       1       0       0       1       0       0       0       0       1       0       1       1       0       0       0       0     123       0       0       0       0       0       0       1       0       0       0       0       0      66
     use       5       1       1       5       1       3       2       0       1       2       1       0       0       1       1       2       1       0       3       1       1       0       0       0       0       1       3       0      60       0       0       0       0       2       0       0       0       1       2       0     109
  routin       0       4       1       2       0       2       1       1       0       0       1       0       0       1       0       1       0       0       1       0       0       0       0       0       0       0       0       1       0     260       1       0       1       0       2       0       5       0       0       0      79
  helper       8       1       1       1       2       0       2       1       1       1       0       0       0       0       2       3       0       1       0       0       1       0       1       1       1       0       4       1       0       0      51       0       0       0       0       1       0       0       0       0     129
 process       1       0       2       0       0       0       1       4       0       1       0       6       0       0       0       0       0       1       0       0       6       0       2       0       0       0       0       0       0       0       1     163       0       0       0       0       0       0       0       0      67
   enabl       0       0       3       4       1       2       1       0       0       0       0       1       0       0       0       0       0       0       0       1       0       1       0       0       0       1       0       0       0       0       0       0     118       0       0       2       0       0       0       0      53
    copi       2       1       0       0       0       0       3       1       0       0       1       0       0       0       0       0       0       0       0       0       1       0       0       0       0       0       0       1       0       1       0       1       0      86       0       0       0       0       0       0      45
      to       8       3       3       0       1       1       0       2       0       2       2       2       1       0       0       0       0       0       1       1       1       0       0       0       1       0       0       1       0       0       0       1       1       0      42       0       1       1       0       0      93
   start       1       0       2       0       1       5       0       0       1       2       0       1       0       0       0       0       0       0       0       0       0       1       0       0       0       0       0       0       0       0       0       0       1       0       0     136       0       0       0       0      49
    load       2       3       2       0       0       0       1       2       0       0       1       1       0       0       0       0       0       0       0       0       0       0       0       0       0       0       0       0       0       0       0       0       0       0       1       0      74       0       0       0      38
   setup       0       0      11       0       0       4       1       0       0       0       0       0       0       0       0       0       0       0       0       0       0       0       0       0       0       0       0       1       0       0       0       0       0       0       0       0       0      89       0       0      24
callback       1       2       2       0       5       2       2       0       1       1       0       0       1       0       0       0       1       0       0       0       0       1       1       0       0       0       0       1       0       0       0       0       0       0       0       0       0       0      36       0      85
    open       4       0       2       2       1       3       0       0       0       0       0       2       0       1       0       0       0       0       0       2       0       0       2       0       0       0       0       0       0       1       1       0       0       0       0       0       0       0       0     105      48
   other     628     328     269     214      85     197     150      95      84      96      80      78      30      73      78     102      62      50     105      55      34      46      56      28      77      36      45      61      23      30      16      29      27      20      31      23      38      18      26      14   25484

              precision    recall  f1-score   support

      return       0.52      0.55      0.54      1995
         get       0.53      0.60      0.56       993
         set       0.65      0.61      0.63      1143
       check       0.51      0.55      0.53       606
        call       0.77      0.61      0.68       721
       initi       0.64      0.72      0.68       747
          is       0.65      0.49      0.56       984
        read       0.71      0.61      0.65       571
       creat       0.72      0.55      0.62       520
         add       0.65      0.61      0.63       365
       write       0.71      0.66      0.68       423
       handl       0.69      0.62      0.65       459
         for       0.58      0.36      0.44       190
        find       0.64      0.52      0.58       381
     convert       0.59      0.52      0.55       332
        test       0.47      0.50      0.49       229
        send       0.67      0.62      0.65       297
       alloc       0.70      0.65      0.67       305
        free       0.64      0.67      0.65       313
       gener       0.66      0.23      0.34       652
        pars       0.65      0.64      0.64       191
        note       0.63      0.46      0.54       231
          if       0.60      0.40      0.48       299
          do       0.71      0.48      0.58       205
       remov       0.59      0.66      0.63       224
        name       0.60      0.27      0.37       303
       print       0.64      0.59      0.61       209
       updat       0.59      0.59      0.59       210
         use       0.61      0.29      0.39       210
      routin       0.82      0.71      0.76       364
      helper       0.64      0.24      0.35       214
     process       0.77      0.64      0.70       255
       enabl       0.74      0.63      0.68       188
        copi       0.70      0.60      0.65       143
          to       0.47      0.25      0.33       169
       start       0.75      0.68      0.71       200
        load       0.60      0.59      0.59       125
       setup       0.68      0.68      0.68       130
    callback       0.52      0.25      0.34       142
        open       0.85      0.60      0.70       174
       other       0.82      0.88      0.85     29021

    accuracy                           0.76     45433
   macro avg       0.65      0.55      0.58     45433
weighted avg       0.75      0.76      0.75     45433

