__________________________________________________________________________________________________
Layer (type)                    Output Shape         Param #     Connected to                     
==================================================================================================
input_2 (InputLayer)            (None, 100)          0                                            
__________________________________________________________________________________________________
embedding_2 (Embedding)         (None, 100, 10)      2100        input_2[0][0]                    
__________________________________________________________________________________________________
input_1 (InputLayer)            (None, 50)           0                                            
__________________________________________________________________________________________________
cu_dnngru_1 (CuDNNGRU)          [(None, 100, 100), ( 33600       embedding_2[0][0]                
__________________________________________________________________________________________________
embedding_1 (Embedding)         (None, 50, 100)      7500000     input_1[0][0]                    
__________________________________________________________________________________________________
cu_dnngru_2 (CuDNNGRU)          [(None, 50, 100), (N 60600       embedding_1[0][0]                
                                                                 cu_dnngru_1[0][1]                
__________________________________________________________________________________________________
concatenate_1 (Concatenate)     (None, 150, 100)     0           cu_dnngru_1[0][0]                
                                                                 cu_dnngru_2[0][0]                
__________________________________________________________________________________________________
flatten_1 (Flatten)             (None, 15000)        0           concatenate_1[0][0]              
__________________________________________________________________________________________________
dense_1 (Dense)                 (None, 42)           630042      flatten_1[0][0]                  
==================================================================================================
Total params: 8,226,342
Trainable params: 8,226,342
Non-trainable params: 0
__________________________________________________________________________________________________

          return     get     set   check    call   initi      is    read   creat     add   write   handl     for    find convert    test    send   alloc    free   gener    pars    note      if      do   remov    name   print   updat     use  routin  helper process   enabl    copi      to   start    load   setupcallback    open   other
  return    1042      94       8      22       4       6       3      10       1       1       1       0       3      17       6       1       3       4       0       2       6       2       4       2       3       4       0       1       2       0       0       2       0       3       0       2       4       0       0       2     730
     get      52     585       7       1       5       0       9       9       0       1       0       1       0       2       1       0       1       1       0       2       2       1       2       0       0       1       1       1       1       1       1       2       0       3       0       0       3       0       0       0     297
     set      12       2     716       2       3       6      11       0       1       0       2       1       2       1       0       0       0       0       0       0       1       3       2       0       0       4       0       2       1       0       1       0       2       0       0       2       0       7       0       1     358
   check      22       4       4     348       1       1       6       0       1       1       0       0       0       0       0       3       0       0       0       0       0       0       1       0       1       1       1       0       0       2       0       0       0       0       0       1       0       0       0       0     208
    call       6       4       6       2     479       3       1       2       0       0       2       2       0       1       1       0       0       1       0       0       1       0       3       1       0       0       0       1       1       0       1       1       0       0       0       3       1       0       0       0     198
   initi       2       1       7       0       1     490       0       2       6       0       0       1       0       3       1       0       2       0       0       1       2       1       1       1       0       0       0       0       0       0       0       0       0       0       1       0       0       1       0       0     223
      is      13      15       7       9       6       4     512       2       6       2       4       6       1       0       5       1       2       1       2       1       3       1       2       1       4       2       3       2       0       2       6       2       0       1       0       2       0       3       2       0     349
    read       9       9       0       1       0       1       1     363       0       0       0       0       1       2       0       1       0       0       0       1       1       1       3       1       0       0       2       3       0       2       1       3       0       1       0       0       1       0       0       0     163
   creat       7       1       2       1       2       5       4       0     300       1       0       0       1       0       3       0       2       2       0       1       0       0       1       0       0       1       0       0       1       1       2       0       0       1       0       1       0       0       0       2     178
     add       1       3       1       0       1       2       3       1       2     215       1       2       0       0       0       0       1       0       1       1       0       1       1       0       0       4       1       1       1       0       0       0       0       1       0       0       0       0       0       0     120
   write       2       2       0       0       0       0       0       3       1       0     277       1       0       0       1       2       2       0       0       2       0       0       0       0       0       1       1       3       0       0       0       0       0       1       2       0       0       0       0       0     122
   handl       0       0       0       1       4       1       3       0       0       0       2     278       0       0       0       0       2       0       0       1       0       3       0       0       2       0       1       0       0       0       1       1       1       0       0       0       0       0       1       2     155
     for       4       2       3       1       1       0       1       2       0       0       0       1      79       0       0       0       0       0       0       0       0       0       0       0       0       0       1       0       0       0       0       0       0       1       1       0       0       0       0       0      93
    find      14      12       0       1       1       0       2       1       1       0       0       0       0     220       1       0       0       1       0       0       0       0       0       0       1       0       0       0       0       0       0       0       0       0       0       0       0       0       0       0     126
 convert      12       9       0       2       1       1       0       1       0       0       2       0       0       2     171       0       0       0       0       2       2       0       3       0       0       0       0       0       1       0       0       0       0       0       0       0       0       0       0       0     123
    test       2       2       1       6       0       0       0       1       4       0       1       0       0       0       0     101       0       0       0       0       0       0       0       1       0       0       1       0       0       0       0       0       0       0       1       0       8       0       0       0     100
    send       0       0       1       0       1       1       0       1       0       1       2       0       0       0       0       0     179       0       0       1       0       0       0       0       1       0       0       1       0       0       0       1       0       0       0       0       0       0       0       0     107
   alloc       0       3       0       0       0       1       1       0       2       4       0       0       0       1       0       0       0     201       0       0       0       1       0       0       0       3       0       0       0       0       0       0       0       0       0       0       0       0       0       0      88
    free       0       0       1       0       1       0       0       0       0       0       0       0       0       0       0       0       0       0     196       0       0       1       1       0       3       0       0       0       0       0       0       0       0       0       1       0       0       0       0       0     109
   gener      10       5       2       7       3       4       4       2       1       3       0       2       0       2       5       0       3       0       3     136       1       0       4       0       1       0       1       1       1       0       2       0       0       1       0       0       0       1       0       1     446
    pars       2       0       1       0       1       0       0       0       0       0       0       0       0       0       1       0       0       0       0       0     131       2       0       0       0       0       0       0       0       0       0       1       0       1       0       0       0       0       0       0      51
    note       9       0       3       0       3       1       3       1       2       1       0       3       0       0       0       0       1       0       0       1       0     113       0       0       2       0       0       0       0       0       0       1       0       0       0       0       0       0       0       0      87
      if      10       1       3       6       0       2       2       2       1       1       1       2       0       0       1       0       0       0       2       0       1       0     138       0       0       2       0       0       1       0       0       0       0       1       0       0       0       0       0       0     122
      do       4       1       0       2       1       1       0       2       0       1       0       1       1       1       0       0       0       0       0       1       0       0       0      99       1       0       0       0       0       1       0       0       0       0       0       0       0       0       0       0      88
   remov       0       0       0       0       1       0       1       0       0       0       0       1       0       0       0       0       0       0       2       0       0       0       0       0     143       0       0       0       1       0       0       0       0       0       6       0       0       0       0       0      69
    name      15      15       8       0       1       5       0       0       5       4       0       3       0       0       1       0       1       3       0       0       0       0       0       0       5      86       0       0       0       0       0       1       0       0       0       0       1       0       1       0     148
   print       0       0       1       0       1       0       0       0       0       0       2       0       0       0       0       0       0       0       0       0       0       0       0       0       0       0     129       1       0       0       0       0       0       0       0       0       0       0       0       0      75
   updat       1       2       3       1       2       0       1       0       0       1       2       1       0       1       0       0       0       0       0       1       0       1       1       0       0       0       0     114       2       0       0       0       1       1       0       0       0       0       0       0      74
     use       3       2       4       3       1       1       1       0       0       2       1       2       0       0       1       0       0       1       1       0       0       0       1       0       0       1       3       0      67       0       0       0       0       0       0       0       0       1       0       1     113
  routin       1       1       1       1       0       1       1       2       1       2       2       0       0       1       1       1       0       1       0       1       0       0       0       0       0       0       0       1       1     265       0       0       2       0       0       0       1       0       0       0      76
  helper       5       2       1       1       2       0       1       1       1       0       0       0       0       2       0       4       0       1       1       0       2       0       2       0       1       0       4       0       0       0      49       0       0       0       0       0       1       2       0       0     131
 process       1       0       1       0       0       0       0       2       0       0       1       2       0       0       0       0       0       0       0       0       1       0       1       0       0       0       0       0       0       0       0     176       0       0       0       0       0       0       0       0      70
   enabl       0       0       6       3       0       1       1       0       1       0       0       1       0       0       0       0       0       0       0       0       0       0       1       0       0       2       0       0       0       0       0       0      97       0       0       2       0       0       0       0      73
    copi       3       1       1       0       0       0       2       0       0       0       0       0       0       0       0       0       0       0       0       0       0       2       0       0       0       0       0       0       0       0       0       1       0      85       0       0       0       0       0       0      48
      to       4       4       1       2       1       1       0       4       0       2       1       2       0       0       0       0       0       0       1       0       1       0       0       0       0       1       0       0       0       1       0       1       0       0      47       0       1       1       0       0      93
   start       1       0       1       0       2       3       2       1       0       1       0       0       0       1       0       0       0       0       0       0       0       1       0       0       1       0       0       0       1       0       0       0       1       0       0     124       0       0       0       0      60
    load       1       0       2       0       0       0       1       2       0       0       0       1       0       0       0       0       0       0       0       0       0       1       0       0       0       0       1       0       0       0       0       0       0       1       0       0      82       0       0       0      33
   setup       0       0       4       0       1       2       1       0       0       0       0       0       0       0       0       0       0       1       0       0       0       0       0       0       0       0       0       0       0       1       0       0       1       0       0       0       0      84       0       0      35
callback       1       1       1       0       6       0       1       0       1       0       0       0       0       0       0       0       0       0       0       0       0       0       0       0       0       0       1       2       1       0       0       0       0       0       0       0       0       0      48       0      79
    open       3       0       2       3       2       2       0       0       0       0       1       0       0       0       0       0       0       0       0       0       0       0       0       0       0       0       0       0       0       0       0       0       0       0       0       0       1       1       0     115      44
   other     497     272     266     186     137     137      99     109     113      78      59      63      24      78      95      35      46      30     118      36      46      32      59      20      51      38      42      33      32      25      13      23       4      25      17      22      47      15      14      14   25971

              precision    recall  f1-score   support

      return       0.59      0.52      0.55      1995
         get       0.55      0.59      0.57       993
         set       0.67      0.63      0.65      1143
       check       0.57      0.57      0.57       606
        call       0.71      0.66      0.69       721
       initi       0.72      0.66      0.69       747
          is       0.76      0.52      0.62       984
        read       0.69      0.64      0.66       571
       creat       0.67      0.58      0.62       520
         add       0.67      0.59      0.63       365
       write       0.76      0.65      0.70       423
       handl       0.74      0.61      0.67       459
         for       0.71      0.42      0.52       190
        find       0.66      0.58      0.61       381
     convert       0.58      0.52      0.55       332
        test       0.68      0.44      0.53       229
        send       0.73      0.60      0.66       297
       alloc       0.81      0.66      0.73       305
        free       0.60      0.63      0.61       313
       gener       0.71      0.21      0.32       652
        pars       0.65      0.69      0.67       191
        note       0.68      0.49      0.57       231
          if       0.60      0.46      0.52       299
          do       0.79      0.48      0.60       205
       remov       0.65      0.64      0.64       224
        name       0.57      0.28      0.38       303
       print       0.67      0.62      0.64       209
       updat       0.68      0.54      0.60       210
         use       0.58      0.32      0.41       210
      routin       0.88      0.73      0.80       364
      helper       0.64      0.23      0.34       214
     process       0.81      0.69      0.75       255
       enabl       0.89      0.52      0.65       188
        copi       0.67      0.59      0.63       143
          to       0.62      0.28      0.38       169
       start       0.78      0.62      0.69       200
        load       0.54      0.66      0.59       125
       setup       0.72      0.65      0.68       130
    callback       0.73      0.34      0.46       142
        open       0.83      0.66      0.74       174
       other       0.82      0.89      0.85     29021

    accuracy                           0.77     45433
   macro avg       0.69      0.55      0.60     45433
weighted avg       0.76      0.77      0.76     45433

