_________________________________________________________________
Layer (type)                 Output Shape              Param #   
=================================================================
input_1 (InputLayer)         (None, 50)                0         
_________________________________________________________________
embedding_1 (Embedding)      (None, 50, 100)           7500000   
_________________________________________________________________
cu_dnngru_1 (CuDNNGRU)       [(None, 50, 100), (None,  60600     
_________________________________________________________________
flatten_1 (Flatten)          (None, 5000)              0         
_________________________________________________________________
dense_1 (Dense)              (None, 42)                210042    
=================================================================
Total params: 7,770,642
Trainable params: 7,770,642
Non-trainable params: 0
_________________________________________________________________

          return     get     set   check    call   initi      is    read   creat     add   write   handl     for    find convert    test    send   alloc    free   gener    pars    note      if      do   remov    name   print   updat     use  routin  helper process   enabl    copi      to   start    load   setupcallback    open   other
  return    1003      88       5      24       1       5       5      12       2       2       1       2       1      18      12       2       0       8       4       0       5       1       3       2       2       7       1       1       2       3       2       3       1       0       0       0       1       0       2       3     761
     get      44     587       6       1       0       1       5      10       0       0       0       0       1       3       1       0       0       4       0       0       1       0       0       0       0       1       1       0       0       2       1       0       0       1       0       0       1       0       0       1     321
     set      11       2     692       0       2      13       3       1       1       0       2       0       0       0       1       2       1       1       3       0       0       0       1       0       0       6       1       2       0       0       0       0       4       0       0       0       0       9       1       0     384
   check      14       3       2     339       0       0       4       0       0       2       1       0       1       1       2       2       0       0       0       1       0       0       0       0       0       1       0       0       0       1       1       0       0       0       0       0       0       0       0       0     231
    call       3       0       4       0     419       8       1       1       2       1       0       3       1       1       0       0       2       0       1       0       1       1       0       0       0       0       0       1       0       0       1       0       0       1       0       1       0       0       0       0     268
   initi       4       2       5       1       1     531       2       0       7       1       0       1       1       1       2       0       0       1       1       1       0       0       0       0       0       0       0       1       0       0       0       0       0       0       1       1       0       1       0       0     181
      is      24      14       7      21       1       7     475       2       3       1       4       3       0       0      13       0       4       1       1       3       1       0       1       0       0       2       4       6       1       0       3       1       2       1       0       2       0       1       1       0     374
    read      14       6       0       0       0       0       2     365       0       0       1       0       0       1       0       1       0       1       1       1       0       0       0       0       0       1       0       2       0       0       0       3       0       0       0       0       1       1       0       1     169
   creat       8       1       0       0       1      13       1       0     309       3       1       0       1       0       5       0       1      11       0       0       0       0       0       1       0       2       0       1       1       1       0       0       0       0       0       0       1       0       0       1     157
     add       1       2       1       1       1       1       1       0       2     229       0       0       0       0       0       0       1       0       1       0       0       0       1       1       0       5       0       0       1       1       1       0       0       1       0       0       0       0       0       1     112
   write       2       1       3       0       0       0       1       4       2       0     286       0       3       0       0       0       1       1       1       1       1       0       0       1       0       1       2       3       0       3       0       0       0       0       0       0       0       0       0       0     106
   handl       1       0       2       0       0       1       1       1       0       0       1     272       1       0       0       0       0       0       0       0       0       2       0       0       0       0       1       1       0       0       1       1       0       0       0       0       0       1       1       3     168
     for       2       2       0       0       1       1       1       0       0       0       1       1      73       0       0       0       0       0       0       0       0       0       0       0       0       0       0       0       0       0       0       0       0       1       1       0       0       0       2       1     103
    find       6      15       0       0       0       0       7       1       1       0       0       0       1     216       1       0       0       0       0       0       0       1       0       0       0       2       0       0       0       0       0       0       0       0       2       0       0       0       0       0     128
 convert      11       4       0       1       0       0       2       0       1       0       0       0       0       2     186       0       0       0       0       0       0       0       0       0       0       0       0       0       1       1       0       0       0       0       0       0       1       0       0       0     122
    test       2       2       1       5       1       0       0       2       1       1       0       0       0       0       1      93       0       0       0       0       0       0       0       1       0       0       1       0       0       0       1       0       0       0       0       0       5       0       0       1     111
    send       2       0       0       0       1       2       0       0       0       0       1       0       1       0       0       0     186       0       1       1       0       0       0       0       0       0       1       1       0       0       0       1       0       0       0       0       0       0       0       0      99
   alloc       5       2       0       0       0       0       2       0       4       1       0       0       0       1       1       0       0     212       1       0       0       1       0       0       0       3       0       0       0       0       0       0       1       0       0       0       0       0       0       1      70
    free       0       0       1       0       1       0       0       0       0       0       0       0       0       0       0       0       0       1     208       0       0       0       0       0       1       0       0       1       0       0       0       0       0       0       1       0       0       0       0       0      99
   gener      18      27       2       3       0       8       3       1       4       3       2       1       1       2       7       0       4       1       1     133       3       1       0       0       1       0       5       0       1       0       0       0       0       0       1       0       0       4       0       1     414
    pars       2       2       0       3       1       0       0       2       0       1       0       0       1       0       1       0       1       0       0       0     125       0       0       0       0       0       0       0       0       0       0       0       0       1       0       0       0       0       0       0      51
    note       6       3       2       0       1       2       2       3       1       3       2       3       0       0       1       0       0       0       0       2       0     100       0       0       2       2       0       0       0       0       0       0       0       0       0       0       0       0       0       0      96
      if      11       3       2       5       1       2       3       2       1       2       1       0       1       1       0       0       1       0       3       1       1       0     116       0       0       1       0       0       0       0       0       1       0       1       0       0       0       0       0       1     138
      do       2       0       0       2       1       2       3       1       0       0       0       0       0       0       0       0       1       1       0       1       0       0       0     104       1       1       0       0       0       0       0       0       0       0       0       0       1       0       0       0      84
   remov       1       1       0       0       2       0       0       0       0       0       0       1       0       2       0       0       0       0       1       0       0       0       0       0     121       0       0       0       1       0       0       0       0       0       0       0       0       0       0       0      94
    name       7      18       3       0       0       5       0       1       3       3       0       2       0       0       0       0       0       6       1       0       0       0       0       0       2      99       0       0       0       0       0       0       0       0       0       0       1       0       0       1     151
   print       0       0       1       1       0       0       0       0       0       0       0       1       0       0       1       0       0       0       0       0       0       0       0       0       0       0     137       0       0       0       0       0       0       0       0       0       0       0       0       0      68
   updat       3       2       2       0       1       0       1       0       2       2       3       0       0       0       0       0       0       1       1       1       0       0       0       0       0       0       0     106       0       0       0       0       0       1       0       0       0       0       0       0      84
     use       5       2       2       4       1       2       0       0       0       1       0       0       0       0       0       2       2       1       2       1       1       0       1       1       0       0       2       0      65       0       0       0       0       2       0       0       0       0       0       1     112
  routin       1       2       2       1       0       0       2       2       0       1       1       0       0       1       1       1       0       3       4       0       2       0       0       0       0       0       0       0       0     251       0       0       1       0       0       0       1       0       0       0      87
  helper       1       2       2       1       0       0       1       0       3       1       0       0       0       1       1       0       0       1       1       0       1       0       0       0       1       0       4       0       1       0      47       0       0       0       0       0       0       2       0       0     143
 process       0       2       2       0       0       0       0       4       0       2       0       2       0       0       0       0       0       0       0       0       0       1       0       0       0       0       0       0       0       0       1     167       0       0       0       0       0       0       0       1      73
   enabl       1       0       2       3       0       0       0       0       0       0       0       0       0       0       0       0       0       0       0       0       0       0       0       0       0       1       0       0       0       0       0       0     115       0       0       3       0       0       0       0      63
    copi       1       1       1       0       0       0       0       1       0       0       1       0       0       0       0       0       0       0       0       0       0       0       0       0       0       0       0       0       0       0       0       0       0      84       0       0       0       0       0       0      54
      to       5       5       4       0       0       2       1       4       1       2       2       0       0       0       1       0       1       0       1       0       1       0       0       3       0       0       0       0       0       0       0       0       0       0      36       0       0       0       0       3      97
   start       1       0       2       0       0       3       0       1       0       2       0       0       0       1       0       0       1       1       0       0       0       0       0       0       0       0       0       0       0       0       0       0       1       0       0     123       0       1       0       0      63
    load       1       1       2       0       0       2       0       1       0       0       0       0       0       0       1       0       0       0       0       0       1       1       1       0       0       0       0       0       0       1       0       0       0       1       0       0      70       0       0       0      42
   setup       0       0       6       0       0       3       2       0       0       0       0       0       1       0       0       0       0       0       0       0       0       0       0       0       0       0       0       0       0       0       0       0       0       0       0       0       0      94       0       0      24
callback       1       1       1       0       3       1       0       0       0       1       0       0       0       0       0       0       4       0       0       0       0       0       0       0       0       0       1       0       0       0       1       0       0       0       0       0       0       1      45       0      82
    open       3       0       2       0       3       2       0       0       1       0       0       1       0       0       0       0       0       1       0       1       0       0       0       0       0       0       0       1       0       0       0       0       0       0       0       0       0       0       0     118      41
   other     402     274     206     171      71     183      74     121     118      87      70      58      27      82     110      37      74      63      89      22      51      14      24      16      28      59      44      31      13      14      15      19      13      15      20       6      32      10      15      26   26217

              precision    recall  f1-score   support

      return       0.62      0.50      0.55      1995
         get       0.55      0.59      0.57       993
         set       0.71      0.61      0.65      1143
       check       0.58      0.56      0.57       606
        call       0.81      0.58      0.68       721
       initi       0.66      0.71      0.69       747
          is       0.79      0.48      0.60       984
        read       0.67      0.64      0.66       571
       creat       0.66      0.59      0.62       520
         add       0.65      0.63      0.64       365
       write       0.75      0.68      0.71       423
       handl       0.77      0.59      0.67       459
         for       0.63      0.38      0.48       190
        find       0.65      0.57      0.60       381
     convert       0.53      0.56      0.55       332
        test       0.66      0.41      0.50       229
        send       0.65      0.63      0.64       297
       alloc       0.66      0.70      0.68       305
        free       0.64      0.66      0.65       313
       gener       0.78      0.20      0.32       652
        pars       0.64      0.65      0.65       191
        note       0.81      0.43      0.56       231
          if       0.78      0.39      0.52       299
          do       0.80      0.51      0.62       205
       remov       0.76      0.54      0.63       224
        name       0.51      0.33      0.40       303
       print       0.67      0.66      0.66       209
       updat       0.67      0.50      0.58       210
         use       0.75      0.31      0.44       210
      routin       0.90      0.69      0.78       364
      helper       0.63      0.22      0.33       214
     process       0.85      0.65      0.74       255
       enabl       0.83      0.61      0.71       188
        copi       0.76      0.59      0.66       143
          to       0.58      0.21      0.31       169
       start       0.90      0.61      0.73       200
        load       0.61      0.56      0.58       125
       setup       0.75      0.72      0.74       130
    callback       0.67      0.32      0.43       142
        open       0.72      0.68      0.70       174
       other       0.81      0.90      0.86     29021

    accuracy                           0.77     45433
   macro avg       0.70      0.55      0.60     45433
weighted avg       0.77      0.77      0.76     45433

