__________________________________________________________________________________________________
Layer (type)                    Output Shape         Param #     Connected to                     
==================================================================================================
input_1 (InputLayer)            (None, 50)           0                                            
__________________________________________________________________________________________________
input_2 (InputLayer)            (None, 100, 8)       0                                            
__________________________________________________________________________________________________
embedding_1 (Embedding)         (None, 50, 100)      7500000     input_1[0][0]                    
__________________________________________________________________________________________________
time_distributed_1 (TimeDistrib (None, 100, 8, 100)  7500000     input_2[0][0]                    
__________________________________________________________________________________________________
cu_dnngru_1 (CuDNNGRU)          [(None, 50, 256), (N 274944      embedding_1[0][0]                
__________________________________________________________________________________________________
time_distributed_2 (TimeDistrib (None, 100, 256)     274944      time_distributed_1[0][0]         
__________________________________________________________________________________________________
concatenate_1 (Concatenate)     (None, 150, 256)     0           cu_dnngru_1[0][0]                
                                                                 time_distributed_2[0][0]         
__________________________________________________________________________________________________
flatten_1 (Flatten)             (None, 38400)        0           concatenate_1[0][0]              
__________________________________________________________________________________________________
dense_1 (Dense)                 (None, 41)           1574441     flatten_1[0][0]                  
==================================================================================================
Total params: 17,124,329
Trainable params: 17,124,329
Non-trainable params: 0
__________________________________________________________________________________________________

          return     get     set   check    call   initi      is    read   creat     add   write   handl     for    find convert    test    send   alloc    free   gener    pars    note      if      do   remov    name   print   updat     use  routin  helper process   enabl    copi      to   start    load   setupcallback    open   other
  return     652      91       2      37       0       1       6      15       2       3       2       2       0      22       9       0       2       5       0       1       8       0       0       3       1       7       1       0       0       2       0       1       2       1       0       0       3       0       0       1    1010
     get      38     455       2       1       2       0       2       7       0       1       1       1       0       1       3       0       0       1       0       0       1       2       0       1       0       7       0       0       0       4       0       0       0       4       0       0       1       0       0       0     410
     set       7       5     599       4       2      13       2       0       1       1       6       1       1       0       0       0       0       1       0       0       1       0       0       1       0       8       0       1       0       2       1       0       6       0       0       1       1       7       0       0     406
   check      14       2       0     265       3       1       5       1       0       1       0       0       0       0       0       1       0       0       0       0       0       0       0       0       0       1       0       0       0       1       0       1       0       0       0       0       0       0       0       0     266
    call       1       3      10       1     247       7       6       1       0       4       3       4       0       0       0       0       1       2       3       1       0       0       3       0       0       0       0       3       0       2       0       2       0       1       0       3       0       0       4       0     345
   initi       2       1       4       0       2     413       0       1       6       0       0       0       0       0       1       0       0       1       0       0       1       0       0       0       0       0       0       0       0       0       0       0       0       1       0       1       1       3       0       1     222
      is      10       6      14       5       4      10     225       4       3       2       3       1       0       2       1       0       1       1       4       0       2       0       0       1       1       3       3       5       0       3       0       2       1       0       1       5       0       0       2       1     511
    read       9       7       0       2       0       0       0     274       0       0       3       0       0       0       0       1       1       0       0       0       0       0       0       0       0       0       0       2       0       0       0       0       0       2       0       0       2       0       0       0     183
   creat       5       1       1       2       1      16       1       0     193       0       1       0       0       0       2       0       0       5       0       1       1       0       1       2       0       2       0       0       1       0       0       0       0       1       0       0       0       0       0       1     219
     add       0       2       2       1       0       1       1       0       0     180       1       0       0       0       0       0       2       1       2       0       0       0       0       0       0       4       1       0       0       1       0       0       0       1       0       0       0       0       0       0     132
   write       1       1       3       0       0       2       1       2       0       0     224       0       0       0       0       1       3       0       0       0       0       0       0       0       0       0       2       0       0       0       0       0       0       0       0       0       0       0       0       0     148
   handl       1       2       4       0       3       2       0       1       1       1       0     179       0       0       0       0       0       0       0       0       3       0       0       1       0       0       4       1       0       0       0       2       0       0       0       0       0       0       1       2     182
     for       6       3       2       1       0       3       2       1       0       2       2       0      23       1       0       0       0       0       1       0       0       0       0       1       2       0       0       0       0       1       0       0       1       1       1       0       0       0       0       0     126
    find      14      16       0       1       1       0       0       2       0       0       0       0       0     138       1       0       0       0       0       0       1       0       0       0       0       1       0       0       0       0       0       0       0       0       0       0       0       0       0       0     169
 convert       7       3       0       1       0       0       0       0       1       0       0       0       0       0     122       0       0       0       0       0       4       0       0       0       0       0       1       0       0       0       0       0       0       0       0       0       0       0       0       0     169
    test       3       0       0      13       0       0       0       1       1       0       0       0       0       0       2      41       0       0       0       0       1       0       0       0       0       0       0       0       0       0       0       0       0       0       0       0       0       0       0       1     129
    send       1       0       2       0       1       1       3       0       1       0       4       0       0       0       0       0     101       0       0       0       0       0       0       0       0       1       2       1       0       2       0       0       0       0       0       0       0       0       0       1     145
   alloc       8       1       0       0       0       4       0       0       1       1       0       0       0       0       0       0       0     164       1       1       0       0       0       0       0      14       0       0       0       0       0       0       0       0       0       0       0       0       0       0      91
    free       0       0       1       0       0       0       0       0       0       0       0       0       0       0       0       0       0       0     206       0       0       0       1       0       2       1       0       0       0       0       0       0       0       0       1       0       0       0       0       0      95
   gener      41       6       4       8       4       6       1       2       2       6       3       1       0       0       0       0       1       0       3      74       0       0       0       0       5       0       2       1       0       0       0       0       0       0       0       5       4       2       0       0     425
    pars       2       1       0       0       0       2       0       1       0       0       0       1       0       0       0       0       0       0       0       0      78       0       0       0       0       0       0       0       0       0       0       0       0       1       0       0       0       0       0       0      64
    note       8       0       1       0       0       1       1       4       0       2       2       0       0       0       0       0       2       0       0       0       0      43       1       1       1       1       0       0       0       0       0       0       1       0       0       0       0       0       0       0     131
      if       4       2       7       7       2       1       3       3       0       1       0       1       0       1       2       0       1       0       4       0       2       0      32       1       1       2       0       0       0       0       0       0       0       1       0       0       0       0       0       1     189
      do       8       0       0       3       2       1       1       0       0       0       0       1       0       0       0       0       0       0       1       0       0       0       0      53       0       1       0       0       0       0       0       0       0       0       0       0       1       0       0       0     103
   remov       2       0       0       0       0       0       1       1       0       0       1       0       0       0       0       0       0       0       4       2       1       0       0       0      93       0       0       0       1       0       0       1       0       0       0       0       0       0       0       0     111
    name      14      14       7       2       1       4       0       2       4       4       1       0       0       0       0       0       0       4       5       0       0       0       0       1       0      72       0       0       0       0       0       1       2       0       0       0       1       0       0       0     145
   print       1       0       0       0       1       0       0       0       0       0       0       0       0       0       2       0       0       0       0       0       0       0       0       0       0       0     111       0       0       0       0       0       0       0       0       0       0       0       0       0      86
   updat       0       1       5       0       1       0       1       0       0       1       2       0       0       0       0       0       0       0       0       1       0       0       0       0       0       0       0      92       0       0       0       0       0       0       0       1       0       0       0       0      81
     use       3       6       1       4       1       4       1       0       0       3       0       1       1       0       0       0       1       0       2       1       0       0       0       0       0       0       2       0       8       2       0       0       0       2       0       0       0       0       0       0     149
  routin       2       0       4       1       0       1       0       1       0       0       0       0       0       1       1       0       0       2       4       0       0       0       0       0       0       0       0       1       0     153       0       0       1       0       0       0       2       0       1       1     107
  helper       3       1       4       2       0       0       0       1       2       2       0       0       0       0       1       1       0       0       1       0       0       0       0       0       1       0       6       0       0       0      27       0       0       0       0       0       0       0       0       0     154
 process       0       0       2       0       0       0       1       0       0       1       0       5       0       0       1       0       0       0       0       0       0       0       0       2       0       0       0       1       0       0       0      71       0       0       0       0       0       0       0       1     101
   enabl       0       0       7       3       0       0       0       0       0       0       0       0       0       0       0       0       0       0       0       0       0       0       0       0       0       1       0       0       0       0       0       0     121       0       0       4       0       0       0       0      50
    copi       1       1       3       0       0       0       0       1       0       0       1       0       0       0       2       0       0       0       0       0       0       0       0       0       0       0       0       1       0       1       0       0       0      65       0       0       0       0       0       0      51
      to       4       2       3       1       0       2       0       4       0       1       2       1       0       0       1       0       0       0       1       0       0       0       0       0       1       2       0       0       0       0       0       1       1       0      15       0       1       1       0       0     107
   start       1       0       1       0       0       3       0       1       0       0       0       0       0       0       0       0       0       0       0       0       0       0       0       0       0       0       0       0       0       0       0       0       2       0       0      96       0       0       0       0      71
    load       1       1       2       0       0       0       0       0       0       0       2       0       0       0       0       0       0       0       0       0       0       0       0       0       0       0       0       0       0       0       0       0       0       0       0       0      60       0       0       0      42
   setup       0       0       9       0       1       4       0       0       0       0       0       0       0       0       0       0       0       0       0       0       0       0       0       0       0       0       0       0       0       0       0       0       0       0       0       0       0      55       0       0      37
callback       0       1       1       1       3       0       1       0       1       0       0       4       0       0       0       0       1       0       0       0       0       0       0       0       0       0       1       0       0       0       0       0       0       0       0       0       0       0      18       0     104
    open       1       0       1       0       0       4       1       0       0       0       0       1       0       0       0       0       0       0       0       1       0       0       0       0       0       0       0       0       0       0       0       0       0       0       0       0       0       0       0      71      70
   other     387     209     318     197      64     197      45     107      74      99      85      84       4      61      76      26      37      19     125      21      24       1       8      15      43      68      58      43       1      29       6       9      38      20       1      43      41      20      17      12   23560

              precision    recall  f1-score   support

      return       0.52      0.34      0.41      1892
         get       0.54      0.48      0.51       945
         set       0.58      0.56      0.57      1078
       check       0.47      0.47      0.47       562
        call       0.71      0.38      0.49       657
       initi       0.59      0.62      0.61       661
          is       0.72      0.27      0.39       837
        read       0.63      0.56      0.59       486
       creat       0.66      0.42      0.51       457
         add       0.57      0.54      0.56       332
       write       0.64      0.58      0.61       388
       handl       0.62      0.46      0.53       390
         for       0.79      0.13      0.22       180
        find       0.61      0.40      0.48       344
     convert       0.54      0.40      0.46       308
        test       0.58      0.21      0.31       192
        send       0.66      0.38      0.48       266
       alloc       0.80      0.57      0.67       286
        free       0.56      0.67      0.61       307
       gener       0.71      0.12      0.21       606
        pars       0.61      0.52      0.56       150
        note       0.93      0.21      0.35       200
          if       0.70      0.12      0.20       268
          do       0.64      0.30      0.41       175
       remov       0.62      0.43      0.50       218
        name       0.37      0.25      0.30       284
       print       0.57      0.55      0.56       201
       updat       0.61      0.49      0.54       186
         use       0.73      0.04      0.08       192
      routin       0.75      0.54      0.63       283
      helper       0.79      0.13      0.22       206
     process       0.78      0.38      0.51       186
       enabl       0.69      0.65      0.67       186
        copi       0.64      0.51      0.57       127
          to       0.79      0.10      0.18       151
       start       0.60      0.55      0.57       175
        load       0.51      0.56      0.53       108
       setup       0.62      0.52      0.57       106
    callback       0.42      0.13      0.20       136
        open       0.76      0.47      0.58       150
       other       0.76      0.90      0.82     26292

    accuracy                           0.72     41154
   macro avg       0.64      0.41      0.47     41154
weighted avg       0.71      0.72      0.70     41154

