_________________________________________________________________
Layer (type)                 Output Shape              Param #   
=================================================================
input_1 (InputLayer)         (None, 50)                0         
_________________________________________________________________
embedding_1 (Embedding)      (None, 50, 100)           7500000   
_________________________________________________________________
cu_dnngru_1 (CuDNNGRU)       [(None, 50, 100), (None,  60600     
_________________________________________________________________
flatten_1 (Flatten)          (None, 5000)              0         
_________________________________________________________________
dense_1 (Dense)              (None, 11)                55011     
=================================================================
Total params: 7,615,611
Trainable params: 7,615,611
Non-trainable params: 0
_________________________________________________________________

             add   creat   initi    test   remov   check      is    call retriev   updat   other
     add       0       0       0       0       0       0       0       0       0       0    3323
   creat       0       0       0       0       0       0       0       0       0       0    1703
   initi       0       0       0       0       0       0       0       0       0       0    1897
    test       0       0       0       0       0       0       0       0       0       0    1506
   remov       0       0       0       0       0       0       0       0       0       0    1501
   check       0       0       0       0       0       0       0       0       0       0    1466
      is       0       0       0       0       0       0       0       0       0       0     634
    call       0       0       0       0       0       0       0       0       0       0     748
 retriev       0       0       0       0       0       0       0       0       0       0     470
   updat       0       0       0       0       0       0       0       0       0       0     541
   other       0       0       0       0       0       0       0       0       0       0   59816

              precision    recall  f1-score   support

         add       0.00      0.00      0.00      3323
       creat       0.00      0.00      0.00      1703
       initi       0.00      0.00      0.00      1897
        test       0.00      0.00      0.00      1506
       remov       0.00      0.00      0.00      1501
       check       0.00      0.00      0.00      1466
          is       0.00      0.00      0.00       634
        call       0.00      0.00      0.00       748
     retriev       0.00      0.00      0.00       470
       updat       0.00      0.00      0.00       541
       other       0.81      1.00      0.90     59816

    accuracy                           0.81     73605
   macro avg       0.07      0.09      0.08     73605
weighted avg       0.66      0.81      0.73     73605

