_________________________________________________________________
Layer (type)                 Output Shape              Param #   
=================================================================
input_1 (InputLayer)         (None, 50)                0         
_________________________________________________________________
embedding_1 (Embedding)      (None, 50, 100)           7500000   
_________________________________________________________________
cu_dnngru_1 (CuDNNGRU)       [(None, 50, 100), (None,  60600     
_________________________________________________________________
flatten_1 (Flatten)          (None, 5000)              0         
_________________________________________________________________
dense_1 (Dense)              (None, 12)                60012     
=================================================================
Total params: 7,620,612
Trainable params: 7,620,612
Non-trainable params: 0
_________________________________________________________________

           check    call   initi      is    read   creat     add   write   handl     for   other
   check       0       0       0       0       0       0       0       0       0       0     606
    call       0       0       0       0       0       0       0       0       0       0     721
   initi       0       0       0       0       0       0       0       0       0       0     747
      is       0       0       0       0       0       0       0       0       0       0     984
    read       0       0       0       0       0       0       0       0       0       0     571
   creat       0       0       0       0       0       0       0       0       0       0     520
     add       0       0       0       0       0       0       0       0       0       0     365
   write       0       0       0       0       0       0       0       0       0       0     423
   handl       0       0       0       0       0       0       0       0       0       0     459
     for       0       0       0       0       0       0       0       0       0       0     190
   other       0       0       0       0       0       0       0       0       0       0   39847

              precision    recall  f1-score   support

       check       0.00      0.00      0.00       606
        call       0.00      0.00      0.00       721
       initi       0.00      0.00      0.00       747
          is       0.00      0.00      0.00       984
        read       0.00      0.00      0.00       571
       creat       0.00      0.00      0.00       520
         add       0.00      0.00      0.00       365
       write       0.00      0.00      0.00       423
       handl       0.00      0.00      0.00       459
         for       0.00      0.00      0.00       190
       other       0.88      1.00      0.93     39847

    accuracy                           0.88     45433
   macro avg       0.08      0.09      0.08     45433
weighted avg       0.77      0.88      0.82     45433

