_________________________________________________________________
Layer (type)                 Output Shape              Param #   
=================================================================
input_1 (InputLayer)         (None, 50)                0         
_________________________________________________________________
embedding_1 (Embedding)      (None, 50, 100)           7500000   
_________________________________________________________________
cu_dnngru_1 (CuDNNGRU)       [(None, 50, 100), (None,  60600     
_________________________________________________________________
flatten_1 (Flatten)          (None, 5000)              0         
_________________________________________________________________
dense_1 (Dense)              (None, 12)                60012     
=================================================================
Total params: 7,620,612
Trainable params: 7,620,612
Non-trainable params: 0
_________________________________________________________________

          return     set     get     add   creat   initi    test   remov   check      is   other
  return    5303      26    3455       7      84      16       3       5     165       0    1957
     set      14   10287      16      41      11      32       2       2       1       0     633
     get    3325      20    4466       5      11      30       3       3      16       0     819
     add       1      45       5    2938      15       1      10       2       1       0     305
   creat      54      22      44      48     970      29      13       0       2       0     521
   initi      17      14      10       2      13    1708       0       0       0       0     133
    test      68       2       3       2       1       2    1172       1      36       0     219
   remov       6       1       0       1       0       1       4    1171       0       0     317
   check     325       8      13       2       3       2      73       3     457       0     580
      is     102      36      19      15      11      11       4       8      34      13     381
   other    2422    2095    1624     518     567     327     639     197     307       2   22119

              precision    recall  f1-score   support

      return       0.46      0.48      0.47     11021
         set       0.82      0.93      0.87     11039
         get       0.46      0.51      0.49      8698
         add       0.82      0.88      0.85      3323
       creat       0.58      0.57      0.57      1703
       initi       0.79      0.90      0.84      1897
        test       0.61      0.78      0.68      1506
       remov       0.84      0.78      0.81      1501
       check       0.45      0.31      0.37      1466
          is       0.87      0.02      0.04       634
       other       0.79      0.72      0.75     30817

    accuracy                           0.69     73605
   macro avg       0.68      0.63      0.61     73605
weighted avg       0.69      0.69      0.68     73605

