__________________________________________________________________________________________________
Layer (type)                    Output Shape         Param #     Connected to                     
==================================================================================================
input_2 (InputLayer)            (None, 10, 25)       0                                            
__________________________________________________________________________________________________
input_1 (InputLayer)            (None, 50)           0                                            
__________________________________________________________________________________________________
input_3 (InputLayer)            (None, 100)          0                                            
__________________________________________________________________________________________________
time_distributed_1 (TimeDistrib (None, 10, 25, 100)  7500000     input_2[0][0]                    
__________________________________________________________________________________________________
embedding_1 (Embedding)         (None, 50, 100)      7500000     input_1[0][0]                    
__________________________________________________________________________________________________
embedding_2 (Embedding)         (None, 100, 10)      2100        input_3[0][0]                    
__________________________________________________________________________________________________
time_distributed_2 (TimeDistrib (None, 10, 256)      274944      time_distributed_1[0][0]         
__________________________________________________________________________________________________
cu_dnngru_1 (CuDNNGRU)          [(None, 50, 256), (N 274944      embedding_1[0][0]                
__________________________________________________________________________________________________
cu_dnngru_2 (CuDNNGRU)          [(None, 100, 256), ( 205824      embedding_2[0][0]                
__________________________________________________________________________________________________
concatenate_1 (Concatenate)     (None, 160, 256)     0           time_distributed_2[0][0]         
                                                                 cu_dnngru_1[0][0]                
                                                                 cu_dnngru_2[0][0]                
__________________________________________________________________________________________________
flatten_1 (Flatten)             (None, 40960)        0           concatenate_1[0][0]              
__________________________________________________________________________________________________
dense_1 (Dense)                 (None, 41)           1679401     flatten_1[0][0]                  
==================================================================================================
Total params: 17,437,213
Trainable params: 17,437,213
Non-trainable params: 0
__________________________________________________________________________________________________

          return     get     set   check    call   initi      is    read   creat     add   write   handl     for    find convert    test    send   alloc    free   gener    pars    note      if      do   remov    name   print   updat     use  routin  helper process   enabl    copi      to   start    load   setupcallback    open   other
  return     273      46       6       8       3       4       3      11       4       2       2       2       0       5       2       0       1       7       0       1       7       1       1       0       0       6       1       0       0       2       1       1       1       1       0       0       2       0       7       0    1584
     get      19     169      18       3       5       4       6       5       2       0       2       7       0       0       1       0       1       5       0       0       1       0       0       0       1       7       0       0       0       1       0       3       0       0       0       0       0       1       6       0     726
     set       0       7     217       0       9       8       2       2       2       0       1       0       0       0       1       0       3       0       0       1       3       0       1       0       0      13       0       0       0       2       0       1       0       0       1       3       0       3       9       0     854
   check       7       4       5      31       1       0       1       1       0       3       1       1       0       2       3       2       2       1       0       0       2       0       0       1       2       1       0       0       0       0       0       0       1       0       0       0       0       0       1       0     533
    call       5       1       9       0     137       1       1       3       1       0       1       0       0       1       0       0       0       2       0       0       1       0       1       0       0       1       1       0       0       1       0       2       0       1       0       0       0       0       3       0     548
   initi       2       4      14       0       1     104       0       3       2       1       0       3       1       0       2       1       0       2       2       1       1       0       0       0       0       0       2       0       0       0       0       0       0       1       0       0       1       1       0       1     597
      is       8       7       3       0       1       2      91       1       4       0       0       3       1       0       0      13       3       1       1       0       1       1       0       0       1       0       2       0       1       3       1       0       0       1       0       3       0       0       0       0     831
    read       5       3      12       1       1       2       3     105       3       1       5       0       0       0       0       0       1       0       0       2       0       0       0       0       1       0       0       0       0       0       0       0       0       0       0       0       2       0       1       0     423
   creat       6       4       0       0       1       1       1       0      68       1       0       0       0       0       0       0       0       9       0       0       1       0       0       1       0       0       0       0       0       0       0       0       0       0       0       0       2       2       0       0     423
     add       1       0       5       0       0       0       2       1       0      28       1       1       0       2       1       0       1       2       1       0       0       0       0       0       2       0       0       0       0       1       0       0       0       1       0       0       0       0       0       0     315
   write       4       0      24       0       2       3       0      11       0       0      34       1       0       0       1       0       3       0       0       0       0       0       0       0       0       1       1       0       0       0       0       1       0       1       0       0       0       0       1       0     335
   handl       1       0       1       0       1       5       1       1       0       0       0      92       0       0       0       0       1       0       1       0       0       0       0       0       0       0       0       0       0       0       0       1       0       2       0       0       0       0       1       0     351
     for       0       1       0       0       0       0       0       0       0       0       0       0       6       2       1       0       0       0       0       0       0       0       0       0       0       0       0       0       0       0       0       0       0       1       0       0       0       0       2       0     177
    find       4       5       0       1       1       1       1       0       4       0       0       0       0      44       1       0       0       5       0       0       1       0       0       0       0       0       0       0       0       1       0       0       0       1       0       0       0       0       0       0     311
 convert       5       4       0       0       0       0       0       0       0       0       0       0       0       0      38       0       0       0       1       0       5       0       0       0       0       1       0       0       0       0       0       0       0       0       0       0       0       0       1       0     277
    test       2       1       0       0       0       0       0       2       2       0       0       0       0       0       0      62       0       0       0       0       0       0       0       0       0       0       0       0       0       0       0       0       0       0       0       0       1       0       0       0     159
    send       0       1       5       0       2       0       2       1       0       0       2       2       0       0       0       0      50       0       0       0       0       0       0       0       0       0       0       0       0       1       0       0       0       0       0       0       2       0       0       1     228
   alloc       1       8       0       0       0       2       0       0       5       0       0       0       0       0       1       0       0      79       1       0       0       0       0       0       0       4       0       0       0       0       0       0       0       0       0       0       0       1       0       0     203
    free       0       4       1       0       1       0       1       1       0       0       0       0       0       0       0       0       0       3      59       0       0       0       1       0       2       1       0       1       0       0       0       1       0       0       0       0       0       0       0       0     237
   gener       3       0       0       1       0       3       2       0       1       0       0       1       0       0       1       1       0       1       0      19       1       0       0       0       0       0       4       0       0       1       1       2       0       0       0       1       0       0       0       0     609
    pars       2       2       0       0       0       0       0       2       0       4       2       0       0       0       0       0       0       0       0       0      30       0       0       0       0       0       0       0       0       0       0       1       0       0       0       0       0       0       0       0     148
    note       1       3       2       0       0       0       0       1       0       1       1       0       0       0       0       0       1       0       1       0       1      23       0       0       1       0       0       0       0       0       0       0       0       0       0       0       0       0       0       0     195
      if       3       3       5       0       0       0       1       1       0       0       5       0       0       0       0       0       0       0       0       1       1       1       2       0       0       0       0       0       0       1       0       0       0       0       0       0       0       0       0       0     275
      do       0       1       0       0       1       0       0       1       0       0       0       1       0       0       0       0       1       1       0       0       0       0       0      22       0       0       0       0       0       0       0       1       1       0       0       0       0       2       0       0     173
   remov       1       4       1       0       1       2       0       2       0       2       1       0       0       0       0       0       0       1       2       0       0       0       0       1      10       0       0       1       0       1       0       0       0       0       0       0       0       0       0       0     194
    name      12       7       2       0       1       1       0       2       1       0       0       0       3       1       0       0       0       6       1       0       0       0       0       0       0      77       0       0       0       0       0       1       0       2       0       0       0       0       0       0     186
   print      10       0       1       1       4       0       0       2       0       0       0       0       0       0       0       0       0       0       1       0       0       0       0       0       0       0      13       0       0       0       0       0       0       0       0       0       0       0       0       0     177
   updat       0       0       5       0       2       0       3       4       0       0       0       1       0       0       1       0       0       0       0       0       0       0       0       0       0       1       0       8       0       0       0       0       0       0       0       0       0       0       0       0     185
     use       3       4       0       0       1       0       0       0       0       0       0       0       1       0       0       1       0       0       1       0       1       0       0       0       0       0       0       0       9       0       0       0       1       0       0       0       0       0       0       0     188
  routin       0       1       4       0       0       7       0       0       0       0       0       0       0       0       0       0       1       0       0       0       0       0       0       0       0       0       1       0       0     109       1       0       0       0       0       0       0       0       0       0     240
  helper       2       0       0       0       0       0       0       0       0       1       0       0       0       0       0       0       2       2       0       0       0       1       0       0       0       0       0       0       0       0      16       0       0       0       0       0       0       0       0       0     190
 process       2       0       3       0       0       2       1       0       0       0       0       1       1       0       0       0       2       0       0       0       1       0       0       0       0       1       0       0       0       0       0      30       0       0       0       0       0       0       2       0     209
   enabl       0       1       6       0       0       3       0       0       0       0       0       0       0       0       0       0       0       0       0       0       0       0       0       0       0       0       0       0       0       0       0       0      18       0       0       0       0       0       0       0     160
    copi       4       2       0       0       0       0       0       1       1       0       0       0       1       1       0       0       0       0       0       0       0       0       0       0       0       0       0       0       0       0       0       0       0      12       0       0       0       0       0       0     121
      to       0       3       0       2       2       0       0       3       2       0       1       0       1       0       1       0       0       0       0       0       0       0       0       0       0       0       0       0       0       0       0       1       0       0       3       0       0       0       1       0     149
   start       0       0       3       0       0       3       1       1       0       0       0       0       0       0       0       0       1       1       0       0       0       0       0       1       0       0       0       0       0       1       0       0       0       0       0      17       0       0       0       0     171
    load       0       1       0       0       0       0       0       1       0       1       0       1       0       0       0       0       0       0       0       0       0       0       0       0       0       0       0       0       0       0       0       0       0       0       0       0      20       0       0       0     101
   setup       0       0       4       0       0       1       0       0       0       0       0       0       0       0       0       0       0       0       0       1       0       0       0       0       0       0       0       0       0       0       0       0       0       0       0       0       0      29       0       0      95
callback       2       0       0       0       2       0       0       0       0       0       0       0       0       0       0       0       1       0       0       0       0       0       0       0       0       0       0       0       0       0       1       0       0       0       0       0       0       0      14       0     122
    open       2       1       0       1       1       0       0       2       4       0       0       0       0       0       0       0       0       1       0       0       2       1       0       0       0       0       0       0       0       1       0       0       0       0       0       0       0       0       0       9     149
   other     179     134     205      34      85      94      59      63      63      15      27      51       6      47      23      56      42      52      43      11      35      13       5      27       3      33      13      11       1      20       5      20      16       7       2       9      13      12      23       3   27461

              precision    recall  f1-score   support

      return       0.48      0.14      0.21      1995
         get       0.39      0.17      0.24       993
         set       0.39      0.19      0.25      1143
       check       0.37      0.05      0.09       606
        call       0.52      0.19      0.28       721
       initi       0.41      0.14      0.21       747
          is       0.50      0.09      0.16       984
        read       0.45      0.18      0.26       571
       creat       0.40      0.13      0.20       520
         add       0.47      0.08      0.13       365
       write       0.40      0.08      0.13       423
       handl       0.55      0.20      0.29       459
         for       0.29      0.03      0.06       190
        find       0.42      0.12      0.18       381
     convert       0.49      0.11      0.19       332
        test       0.46      0.27      0.34       229
        send       0.43      0.17      0.24       297
       alloc       0.44      0.26      0.33       305
        free       0.51      0.19      0.28       313
       gener       0.51      0.03      0.06       652
        pars       0.32      0.16      0.21       191
        note       0.56      0.10      0.17       231
          if       0.18      0.01      0.01       299
          do       0.42      0.11      0.17       205
       remov       0.43      0.04      0.08       224
        name       0.52      0.25      0.34       303
       print       0.34      0.06      0.11       209
       updat       0.38      0.04      0.07       210
         use       0.82      0.04      0.08       210
      routin       0.75      0.30      0.43       364
      helper       0.62      0.07      0.13       214
     process       0.45      0.12      0.19       255
       enabl       0.47      0.10      0.16       188
        copi       0.39      0.08      0.14       143
          to       0.50      0.02      0.03       169
       start       0.52      0.09      0.15       200
        load       0.47      0.16      0.24       125
       setup       0.57      0.22      0.32       130
    callback       0.19      0.10      0.13       142
        open       0.64      0.05      0.10       174
       other       0.68      0.95      0.79     29021

    accuracy                           0.65     45433
   macro avg       0.47      0.14      0.20     45433
weighted avg       0.60      0.65      0.58     45433

