__________________________________________________________________________________________________
Layer (type)                    Output Shape         Param #     Connected to                     
==================================================================================================
input_2 (InputLayer)            (None, 100)          0                                            
__________________________________________________________________________________________________
embedding_2 (Embedding)         (None, 100, 10)      2100        input_2[0][0]                    
__________________________________________________________________________________________________
input_1 (InputLayer)            (None, 50)           0                                            
__________________________________________________________________________________________________
cu_dnngru_1 (CuDNNGRU)          [(None, 100, 100), ( 33600       embedding_2[0][0]                
__________________________________________________________________________________________________
embedding_1 (Embedding)         (None, 50, 100)      7500000     input_1[0][0]                    
__________________________________________________________________________________________________
cu_dnngru_2 (CuDNNGRU)          [(None, 50, 100), (N 60600       embedding_1[0][0]                
                                                                 cu_dnngru_1[0][1]                
__________________________________________________________________________________________________
concatenate_1 (Concatenate)     (None, 150, 100)     0           cu_dnngru_1[0][0]                
                                                                 cu_dnngru_2[0][0]                
__________________________________________________________________________________________________
flatten_1 (Flatten)             (None, 15000)        0           concatenate_1[0][0]              
__________________________________________________________________________________________________
dense_1 (Dense)                 (None, 42)           630042      flatten_1[0][0]                  
==================================================================================================
Total params: 8,226,342
Trainable params: 8,226,342
Non-trainable params: 0
__________________________________________________________________________________________________

          return     get     set   check    call   initi      is    read   creat     add   write   handl     for    find convert    test    send   alloc    free   gener    pars    note      if      do   remov    name   print   updat     use  routin  helper process   enabl    copi      to   start    load   setupcallback    open   other
  return     188      23       0       2       4       0       0       1       2       0       0       0       1       2       4       2       0       1       0       0       3       0       2       0       0       0       1       0       0       0       0       0       1       2       1       0       3       0       0       0    1752
     get      44      34       0       1       0       0       1       0       1       0       0       0       0       3       2       1       0       0       0       0       0       0       0       0       0       0       0       0       0       0       0       0       0       0       0       0       0       0       0       0     906
     set       2       0      21       1       0       7       2       0       0       0       0       0       1       0       1       0       0       0       0       0       0       0       0       0       0       5       0       0       0       0       0       2       0       0       0       0       0       0       2       0    1099
   check       5       0       0      24       1       1       0       0       0       0       0       0       0       1       0       0       0       0       0       0       0       0       0       0       0       0       0       0       0       1       0       0       0       0       0       0       0       0       0       0     573
    call       0       0       2       0      17       2       0       1       1       0       0       0       0       1       0       0       0       0       0       0       1       0       0       0       1       0       0       0       0       1       0       0       0       2       0       0       0       0       0       0     692
   initi       1       0       0       0       0      51       0       0       0       0       0       0       0       0       0       2       0       1       0       0       0       1       0       0       0       0       0       0       0       0       0       0       0       1       0       0       0       0       0       0     690
      is       7       0       0       3       0       2      43       0       1       0       0       0       0       1       0       0       0       0       2       0       0       1       0       0       0       0       0       0       0       0       1       0       0       1       0       1       0       2       0       0     919
    read       2       0       0       2       0       2       0       9       0       0       0       0       0       0       0       0       0       1       0       0       0       0       0       0       0       0       0       0       0       0       0       0       0       0       0       0       0       0       0       0     555
   creat       0       1       0       0       0       7       0       0      24       0       1       0       0       0       0       1       0       5       0       0       1       0       0       0       0       0       0       0       0       0       0       0       0       0       0       0       0       0       0       0     480
     add       1       0       0       0       0       1       0       0       0      15       0       0       0       0       0       0       0       0       1       0       0       0       0       0       0       0       0       0       1       0       0       0       0       0       0       0       0       0       0       0     346
   write       0       1       0       0       0       0       0       0       0       0      16       0       0       0       0       0       0       0       0       0       0       0       0       0       0       0       0       0       0       0       0       0       0       0       0       0       2       0       0       0     404
   handl       0       1       0       0       0       0       0       0       0       0       0      40       0       0       0       1       0       0       0       0       0       1       0       0       0       0       0       0       0       0       0       1       0       0       0       0       0       0       0       0     415
     for       4       0       0       0       0       0       0       0       0       0       0       0       4       0       0       0       0       0       0       0       0       0       0       1       0       0       0       0       0       0       0       0       0       1       0       0       0       0       0       0     180
    find       2       0       0       1       0       0       0       0       1       1       0       0       0      22       0       0       0       2       0       0       1       0       0       0       0       0       0       0       0       0       0       0       0       0       0       0       0       0       0       0     351
 convert       1       2       0       0       0       0       0       0       1       0       0       0       0       0      23       0       0       0       0       0       0       0       0       0       0       0       0       0       0       0       0       0       0       1       0       0       0       0       0       1     303
    test       0       0       0       1       0       2       0       0       0       0       0       0       0       0       0      28       0       0       0       0       0       0       0       0       0       0       0       0       0       0       0       0       0       0       0       0       0       0       0       0     198
    send       0       0       0       0       0       0       0       0       0       0       0       0       1       0       0       0       4       0       0       0       0       0       0       0       0       0       0       0       1       0       0       0       0       0       0       0       0       0       0       0     291
   alloc       0       0       0       0       0       1       0       0       2       1       0       0       2       0       0       0       0      44       0       0       0       0       0       0       0       2       0       0       0       0       0       0       0       0       0       0       0       1       0       0     252
    free       0       0       0       0       0       0       0       0       0       0       0       0       0       0       0       0       0       0      22       0       0       0       0       0       0       0       0       0       0       0       0       0       0       0       0       1       0       0       0       0     290
   gener       0       1       3       0       0       0       1       0       0       0       2       0       0       0       0       1       0       8       0       3       0       0       0       0       0       0       0       0       0       0       0       0       0       0       0       0       0       0       0       0     633
    pars       0       0       0       0       0       0       0       0       0       0       0       0       0       0       0       0       0       0       0       0       8       0       0       0       0       0       0       0       0       0       0       0       0       0       0       0       0       0       0       0     183
    note       2       1       0       0       0       0       0       0       0       0       0       0       1       1       0       0       0       0       1       0       0       9       1       0       0       0       0       0       0       0       0       0       0       0       0       0       0       0       0       0     215
      if       3       0       1       1       0       0       0       1       0       0       0       1       0       0       0       0       0       0       0       0       0       0       7       0       0       0       0       0       0       0       0       0       0       0       0       0       0       0       0       0     285
      do       2       0       0       0       0       1       0       0       0       0       0       0       0       0       0       0       0       0       0       0       1       0       0       4       0       0       0       0       0       0       0       0       0       0       0       0       0       0       0       0     197
   remov       0       0       0       0       0       0       0       0       0       0       0       0       0       0       0       0       0       0       0       0       0       0       0       0       4       0       0       0       1       0       0       0       0       0       0       0       0       0       0       0     219
    name       7       3       0       0       0       3       0       0       0       0       0       0       0       1       0       0       0       3       0       0       0       0       0       0       0      12       0       0       0       0       0       0       0       1       0       0       0       0       0       0     273
   print       0       0       0       0       0       0       0       0       0       0       0       0       0       0       1       0       0       0       1       0       0       0       0       0       0       0       3       0       0       0       0       0       0       0       0       0       0       0       0       0     204
   updat       0       0       1       0       0       0       0       0       0       0       0       0       0       0       1       0       0       0       0       0       2       0       0       0       0       0       0       8       0       0       0       0       0       1       0       0       0       0       0       0     197
     use       0       0       0       0       0       0       0       0       0       0       0       0       2       0       0       0       1       0       0       0       0       0       0       0       0       0       0       0       2       0       0       0       0       0       0       0       0       0       0       0     205
  routin       1       0       0       0       0       0       1       0       0       0       0       0       0       1       0       1       0       0       0       0       0       0       0       0       0       0       0       0       0      38       0       0       0       0       0       0       0       0       0       0     322
  helper       6       0       0       0       0       0       0       0       0       0       0       0       0       0       0       0       0       1       0       0       0       0       0       0       0       0       0       0       0       0       1       0       0       0       0       0       0       0       0       0     206
 process       0       0       0       0       0       0       0       0       0       0       0       1       0       0       0       0       0       0       0       0       0       0       0       0       0       2       0       0       0       0       0       9       0       0       0       0       0       0       0       0     243
   enabl       0       0       1       0       0       0       0       0       0       0       0       0       0       0       0       0       0       0       0       0       0       0       0       0       0       0       0       0       0       0       0       0      41       0       0       0       0       0       0       0     146
    copi       1       0       0       0       0       0       0       0       0       0       0       0       0       1       1       0       0       0       0       0       0       0       0       0       0       0       0       0       0       0       0       0       0       8       0       0       0       0       0       0     132
      to       1       1       1       0       0       0       0       0       0       0       1       0       0       0       0       0       0       0       0       0       0       0       0       0       0       0       0       0       0       0       0       0       0       0       8       0       0       0       0       0     157
   start       0       0       1       0       0       0       1       0       0       0       0       0       0       0       0       0       0       0       0       0       0       0       0       0       0       0       0       0       0       0       0       0       1       0       0      15       0       0       0       0     182
    load       0       0       0       0       0       0       0       0       0       0       0       0       0       0       0       1       0       0       0       0       0       0       0       0       0       0       0       0       0       0       0       0       0       0       0       0       7       0       0       0     117
   setup       0       0       0       0       0       0       0       0       0       0       0       1       0       0       0       0       0       0       0       0       0       0       0       0       0       0       0       0       0       0       0       0       0       1       0       0       0      10       0       0     118
callback       1       0       0       0       0       0       0       0       0       0       0       1       0       0       0       0       0       0       0       0       0       0       0       0       0       0       0       0       0       0       0       0       0       0       0       0       0       0       0       0     140
    open       0       0       0       0       0       0       0       0       1       0       0       0       0       0       0       0       0       0       0       0       0       0       0       0       0       0       0       0       0       0       0       0       0       0       0       0       0       0       0       8     165
   other     105      51      22      12       5      63      20      10      12       1      10       5       5      18      19      29       3      12      28       2       6       2       5       5       0       5      12       5       6       3       1       1      15      18       1       4       0       2       1       5   28492

              precision    recall  f1-score   support

      return       0.49      0.09      0.16      1995
         get       0.29      0.03      0.06       993
         set       0.40      0.02      0.04      1143
       check       0.50      0.04      0.07       606
        call       0.63      0.02      0.05       721
       initi       0.36      0.07      0.11       747
          is       0.62      0.04      0.08       984
        read       0.41      0.02      0.03       571
       creat       0.52      0.05      0.08       520
         add       0.83      0.04      0.08       365
       write       0.53      0.04      0.07       423
       handl       0.82      0.09      0.16       459
         for       0.24      0.02      0.04       190
        find       0.42      0.06      0.10       381
     convert       0.44      0.07      0.12       332
        test       0.42      0.12      0.19       229
        send       0.50      0.01      0.03       297
       alloc       0.56      0.14      0.23       305
        free       0.40      0.07      0.12       313
       gener       0.60      0.00      0.01       652
        pars       0.35      0.04      0.07       191
        note       0.64      0.04      0.07       231
          if       0.47      0.02      0.04       299
          do       0.40      0.02      0.04       205
       remov       0.80      0.02      0.03       224
        name       0.46      0.04      0.07       303
       print       0.19      0.01      0.03       209
       updat       0.62      0.04      0.07       210
         use       0.18      0.01      0.02       210
      routin       0.88      0.10      0.19       364
      helper       0.33      0.00      0.01       214
     process       0.69      0.04      0.07       255
       enabl       0.71      0.22      0.33       188
        copi       0.22      0.06      0.09       143
          to       0.80      0.05      0.09       169
       start       0.71      0.07      0.14       200
        load       0.58      0.06      0.10       125
       setup       0.67      0.08      0.14       130
    callback       0.00      0.00      0.00       142
        open       0.57      0.05      0.09       174
       other       0.65      0.98      0.78     29021

    accuracy                           0.65     45433
   macro avg       0.51      0.07      0.10     45433
weighted avg       0.60      0.65      0.53     45433

