__________________________________________________________________________________________________
Layer (type)                    Output Shape         Param #     Connected to                     
==================================================================================================
input_1 (InputLayer)            (None, 50)           0                                            
__________________________________________________________________________________________________
input_2 (InputLayer)            (None, 100, 8)       0                                            
__________________________________________________________________________________________________
embedding_1 (Embedding)         (None, 50, 100)      7500000     input_1[0][0]                    
__________________________________________________________________________________________________
time_distributed_1 (TimeDistrib (None, 100, 8, 100)  7500000     input_2[0][0]                    
__________________________________________________________________________________________________
cu_dnngru_1 (CuDNNGRU)          [(None, 50, 256), (N 274944      embedding_1[0][0]                
__________________________________________________________________________________________________
time_distributed_2 (TimeDistrib (None, 100, 256)     274944      time_distributed_1[0][0]         
__________________________________________________________________________________________________
concatenate_1 (Concatenate)     (None, 150, 256)     0           cu_dnngru_1[0][0]                
                                                                 time_distributed_2[0][0]         
__________________________________________________________________________________________________
flatten_1 (Flatten)             (None, 38400)        0           concatenate_1[0][0]              
__________________________________________________________________________________________________
dense_1 (Dense)                 (None, 41)           1574441     flatten_1[0][0]                  
==================================================================================================
Total params: 17,124,329
Trainable params: 17,124,329
Non-trainable params: 0
__________________________________________________________________________________________________

          return     get     set   check    call   initi      is    read   creat     add   write   handl     for    find convert    test    send   alloc    free   gener    pars    note      if      do   remov    name   print   updat     use  routin  helper process   enabl    copi      to   start    load   setupcallback    open   other
  return       0       0       0       0       0       0       0       0       0       0       0       0       0       0       0       0       0       0       0       0       0       0       0       0       0       0       0       0       0       0       0       0       0       0       0       0       0       0       0       0    1892
     get       0       0       0       0       0       0       0       0       0       0       0       0       0       0       0       0       0       0       0       0       0       0       0       0       0       0       0       0       0       0       0       0       0       0       0       0       0       0       0       0     945
     set       0       0       0       0       0       0       0       0       0       0       0       0       0       0       0       0       0       0       0       0       0       0       0       0       0       0       0       0       0       0       0       0       0       0       0       0       0       0       0       0    1078
   check       0       0       0       0       0       0       0       0       0       0       0       0       0       0       0       0       0       0       0       0       0       0       0       0       0       0       0       0       0       0       0       0       0       0       0       0       0       0       0       0     562
    call       0       0       0       0       0       0       0       0       0       0       0       0       0       0       0       0       0       0       0       0       0       0       0       0       0       0       0       0       0       0       0       0       0       0       0       0       0       0       0       0     657
   initi       0       0       0       0       0       0       0       0       0       0       0       0       0       0       0       0       0       0       0       0       0       0       0       0       0       0       0       0       0       0       0       0       0       0       0       0       0       0       0       0     661
      is       0       0       0       0       0       0       0       0       0       0       0       0       0       0       0       0       0       0       0       0       0       0       0       0       0       0       0       0       0       0       0       0       0       0       0       0       0       0       0       0     837
    read       0       0       0       0       0       0       0       0       0       0       0       0       0       0       0       0       0       0       0       0       0       0       0       0       0       0       0       0       0       0       0       0       0       0       0       0       0       0       0       0     486
   creat       0       0       0       0       0       0       0       0       0       0       0       0       0       0       0       0       0       0       0       0       0       0       0       0       0       0       0       0       0       0       0       0       0       0       0       0       0       0       0       0     457
     add       0       0       0       0       0       0       0       0       0       0       0       0       0       0       0       0       0       0       0       0       0       0       0       0       0       0       0       0       0       0       0       0       0       0       0       0       0       0       0       0     332
   write       0       0       0       0       0       0       0       0       0       0       0       0       0       0       0       0       0       0       0       0       0       0       0       0       0       0       0       0       0       0       0       0       0       0       0       0       0       0       0       0     388
   handl       0       0       0       0       0       0       0       0       0       0       0       0       0       0       0       0       0       0       0       0       0       0       0       0       0       0       0       0       0       0       0       0       0       0       0       0       0       0       0       0     390
     for       0       0       0       0       0       0       0       0       0       0       0       0       0       0       0       0       0       0       0       0       0       0       0       0       0       0       0       0       0       0       0       0       0       0       0       0       0       0       0       0     180
    find       0       0       0       0       0       0       0       0       0       0       0       0       0       0       0       0       0       0       0       0       0       0       0       0       0       0       0       0       0       0       0       0       0       0       0       0       0       0       0       0     344
 convert       0       0       0       0       0       0       0       0       0       0       0       0       0       0       0       0       0       0       0       0       0       0       0       0       0       0       0       0       0       0       0       0       0       0       0       0       0       0       0       0     308
    test       0       0       0       0       0       0       0       0       0       0       0       0       0       0       0       0       0       0       0       0       0       0       0       0       0       0       0       0       0       0       0       0       0       0       0       0       0       0       0       0     192
    send       0       0       0       0       0       0       0       0       0       0       0       0       0       0       0       0       0       0       0       0       0       0       0       0       0       0       0       0       0       0       0       0       0       0       0       0       0       0       0       0     266
   alloc       0       0       0       0       0       0       0       0       0       0       0       0       0       0       0       0       0       0       0       0       0       0       0       0       0       0       0       0       0       0       0       0       0       0       0       0       0       0       0       0     286
    free       0       0       0       0       0       0       0       0       0       0       0       0       0       0       0       0       0       0       0       0       0       0       0       0       0       0       0       0       0       0       0       0       0       0       0       0       0       0       0       0     307
   gener       0       0       0       0       0       0       0       0       0       0       0       0       0       0       0       0       0       0       0       0       0       0       0       0       0       0       0       0       0       0       0       0       0       0       0       0       0       0       0       0     606
    pars       0       0       0       0       0       0       0       0       0       0       0       0       0       0       0       0       0       0       0       0       0       0       0       0       0       0       0       0       0       0       0       0       0       0       0       0       0       0       0       0     150
    note       0       0       0       0       0       0       0       0       0       0       0       0       0       0       0       0       0       0       0       0       0       0       0       0       0       0       0       0       0       0       0       0       0       0       0       0       0       0       0       0     200
      if       0       0       0       0       0       0       0       0       0       0       0       0       0       0       0       0       0       0       0       0       0       0       0       0       0       0       0       0       0       0       0       0       0       0       0       0       0       0       0       0     268
      do       0       0       0       0       0       0       0       0       0       0       0       0       0       0       0       0       0       0       0       0       0       0       0       0       0       0       0       0       0       0       0       0       0       0       0       0       0       0       0       0     175
   remov       0       0       0       0       0       0       0       0       0       0       0       0       0       0       0       0       0       0       0       0       0       0       0       0       0       0       0       0       0       0       0       0       0       0       0       0       0       0       0       0     218
    name       0       0       0       0       0       0       0       0       0       0       0       0       0       0       0       0       0       0       0       0       0       0       0       0       0       0       0       0       0       0       0       0       0       0       0       0       0       0       0       0     284
   print       0       0       0       0       0       0       0       0       0       0       0       0       0       0       0       0       0       0       0       0       0       0       0       0       0       0       0       0       0       0       0       0       0       0       0       0       0       0       0       0     201
   updat       0       0       0       0       0       0       0       0       0       0       0       0       0       0       0       0       0       0       0       0       0       0       0       0       0       0       0       0       0       0       0       0       0       0       0       0       0       0       0       0     186
     use       0       0       0       0       0       0       0       0       0       0       0       0       0       0       0       0       0       0       0       0       0       0       0       0       0       0       0       0       0       0       0       0       0       0       0       0       0       0       0       0     192
  routin       0       0       0       0       0       0       0       0       0       0       0       0       0       0       0       0       0       0       0       0       0       0       0       0       0       0       0       0       0       0       0       0       0       0       0       0       0       0       0       0     283
  helper       0       0       0       0       0       0       0       0       0       0       0       0       0       0       0       0       0       0       0       0       0       0       0       0       0       0       0       0       0       0       0       0       0       0       0       0       0       0       0       0     206
 process       0       0       0       0       0       0       0       0       0       0       0       0       0       0       0       0       0       0       0       0       0       0       0       0       0       0       0       0       0       0       0       0       0       0       0       0       0       0       0       0     186
   enabl       0       0       0       0       0       0       0       0       0       0       0       0       0       0       0       0       0       0       0       0       0       0       0       0       0       0       0       0       0       0       0       0       0       0       0       0       0       0       0       0     186
    copi       0       0       0       0       0       0       0       0       0       0       0       0       0       0       0       0       0       0       0       0       0       0       0       0       0       0       0       0       0       0       0       0       0       0       0       0       0       0       0       0     127
      to       0       0       0       0       0       0       0       0       0       0       0       0       0       0       0       0       0       0       0       0       0       0       0       0       0       0       0       0       0       0       0       0       0       0       0       0       0       0       0       0     151
   start       0       0       0       0       0       0       0       0       0       0       0       0       0       0       0       0       0       0       0       0       0       0       0       0       0       0       0       0       0       0       0       0       0       0       0       0       0       0       0       0     175
    load       0       0       0       0       0       0       0       0       0       0       0       0       0       0       0       0       0       0       0       0       0       0       0       0       0       0       0       0       0       0       0       0       0       0       0       0       0       0       0       0     108
   setup       0       0       0       0       0       0       0       0       0       0       0       0       0       0       0       0       0       0       0       0       0       0       0       0       0       0       0       0       0       0       0       0       0       0       0       0       0       0       0       0     106
callback       0       0       0       0       0       0       0       0       0       0       0       0       0       0       0       0       0       0       0       0       0       0       0       0       0       0       0       0       0       0       0       0       0       0       0       0       0       0       0       0     136
    open       0       0       0       0       0       0       0       0       0       0       0       0       0       0       0       0       0       0       0       0       0       0       0       0       0       0       0       0       0       0       0       0       0       0       0       0       0       0       0       0     150
   other       0       0       0       0       0       0       0       0       0       0       0       0       0       0       0       0       0       0       0       0       0       0       0       0       0       0       0       0       0       0       0       0       0       0       0       0       0       0       0       0   26292

              precision    recall  f1-score   support

      return       0.00      0.00      0.00      1892
         get       0.00      0.00      0.00       945
         set       0.00      0.00      0.00      1078
       check       0.00      0.00      0.00       562
        call       0.00      0.00      0.00       657
       initi       0.00      0.00      0.00       661
          is       0.00      0.00      0.00       837
        read       0.00      0.00      0.00       486
       creat       0.00      0.00      0.00       457
         add       0.00      0.00      0.00       332
       write       0.00      0.00      0.00       388
       handl       0.00      0.00      0.00       390
         for       0.00      0.00      0.00       180
        find       0.00      0.00      0.00       344
     convert       0.00      0.00      0.00       308
        test       0.00      0.00      0.00       192
        send       0.00      0.00      0.00       266
       alloc       0.00      0.00      0.00       286
        free       0.00      0.00      0.00       307
       gener       0.00      0.00      0.00       606
        pars       0.00      0.00      0.00       150
        note       0.00      0.00      0.00       200
          if       0.00      0.00      0.00       268
          do       0.00      0.00      0.00       175
       remov       0.00      0.00      0.00       218
        name       0.00      0.00      0.00       284
       print       0.00      0.00      0.00       201
       updat       0.00      0.00      0.00       186
         use       0.00      0.00      0.00       192
      routin       0.00      0.00      0.00       283
      helper       0.00      0.00      0.00       206
     process       0.00      0.00      0.00       186
       enabl       0.00      0.00      0.00       186
        copi       0.00      0.00      0.00       127
          to       0.00      0.00      0.00       151
       start       0.00      0.00      0.00       175
        load       0.00      0.00      0.00       108
       setup       0.00      0.00      0.00       106
    callback       0.00      0.00      0.00       136
        open       0.00      0.00      0.00       150
       other       0.64      1.00      0.78     26292

    accuracy                           0.64     41154
   macro avg       0.02      0.02      0.02     41154
weighted avg       0.41      0.64      0.50     41154

