_________________________________________________________________
Layer (type)                 Output Shape              Param #   
=================================================================
input_1 (InputLayer)         (None, 50)                0         
_________________________________________________________________
embedding_1 (Embedding)      (None, 50, 100)           7500000   
_________________________________________________________________
cu_dnngru_1 (CuDNNGRU)       [(None, 50, 100), (None,  60600     
_________________________________________________________________
flatten_1 (Flatten)          (None, 5000)              0         
_________________________________________________________________
dense_1 (Dense)              (None, 11)                55011     
=================================================================
Total params: 7,615,611
Trainable params: 7,615,611
Non-trainable params: 0
_________________________________________________________________

             add   creat   initi    test   remov   check      is    call retriev   updat   other
     add    2925       8       2      10       2       1       0       0       0       1     374
   creat      43     909      23      13       0       2       0       1       0       1     711
   initi       3      12    1659       0       0       0       0       0       0       2     221
    test       2       1       2    1147       2      15       0       0       0       1     336
   remov       1       0       1       3    1166       0       0       0       0       2     328
   check       2       3       2      56       2     312       0       0       0       3    1086
      is      14      11       9       2       7      15      16       1       0       9     550
    call      15       4      10       0       7       3       0      18       0      16     675
 retriev       0       0       7       0       0       0       0       0      20       0     443
   updat       2       1       0       0       1       3       0       0       0     366     168
   other     557     518     320     604     189     256       1      10      19     198   57144

              precision    recall  f1-score   support

         add       0.82      0.88      0.85      3323
       creat       0.62      0.53      0.57      1703
       initi       0.82      0.87      0.84      1897
        test       0.63      0.76      0.69      1506
       remov       0.85      0.78      0.81      1501
       check       0.51      0.21      0.30      1466
          is       0.94      0.03      0.05       634
        call       0.60      0.02      0.05       748
     retriev       0.51      0.04      0.08       470
       updat       0.61      0.68      0.64       541
       other       0.92      0.96      0.94     59816

    accuracy                           0.89     73605
   macro avg       0.71      0.52      0.53     73605
weighted avg       0.88      0.89      0.88     73605

