_________________________________________________________________
Layer (type)                 Output Shape              Param #   
=================================================================
input_1 (InputLayer)         (None, 50)                0         
_________________________________________________________________
embedding_1 (Embedding)      (None, 50, 100)           7500000   
_________________________________________________________________
cu_dnngru_1 (CuDNNGRU)       [(None, 50, 100), (None,  60600     
_________________________________________________________________
flatten_1 (Flatten)          (None, 5000)              0         
_________________________________________________________________
dense_1 (Dense)              (None, 12)                60012     
=================================================================
Total params: 7,620,612
Trainable params: 7,620,612
Non-trainable params: 0
_________________________________________________________________

          return     get     set   check    call   initi      is    read   creat     add   other
  return    1111      43       4      20       1       3      13       5       5       1     789
     get      80     517       5       2       5       0      13      10       2       1     358
     set       6       1     712       3       1      12      10       0       0       0     398
   check      25       2       3     338       2       0      11       0       0       0     225
    call       3       2       7       0     495       2       3       0       1       0     208
   initi       5       2       4       0       2     526       1       0       7       0     200
      is      26       7       9       6       7       5     543       3       5       1     372
    read      11       5       1       4       5       2       5     354       1       0     183
   creat       6       2       0       1       0       8       6       1     305       1     190
     add       3       0       2       0       0       0       2       2       4     227     125
   other     670     199     256     182     161     186     181      95     107      74   34677

              precision    recall  f1-score   support

      return       0.57      0.56      0.56      1995
         get       0.66      0.52      0.58       993
         set       0.71      0.62      0.66      1143
       check       0.61      0.56      0.58       606
        call       0.73      0.69      0.71       721
       initi       0.71      0.70      0.71       747
          is       0.69      0.55      0.61       984
        read       0.75      0.62      0.68       571
       creat       0.70      0.59      0.64       520
         add       0.74      0.62      0.68       365
       other       0.92      0.94      0.93     36788

    accuracy                           0.88     45433
   macro avg       0.71      0.63      0.67     45433
weighted avg       0.87      0.88      0.87     45433

