_________________________________________________________________
Layer (type)                 Output Shape              Param #   
=================================================================
input_1 (InputLayer)         (None, 50)                0         
_________________________________________________________________
embedding_1 (Embedding)      (None, 50, 100)           7500000   
_________________________________________________________________
cu_dnngru_1 (CuDNNGRU)       [(None, 50, 100), (None,  60600     
_________________________________________________________________
flatten_1 (Flatten)          (None, 5000)              0         
_________________________________________________________________
dense_1 (Dense)              (None, 12)                60012     
=================================================================
Total params: 7,620,612
Trainable params: 7,620,612
Non-trainable params: 0
_________________________________________________________________

           check    call   initi      is    read   creat     add   write   handl     for   other
   check     332       2       0       7       0       1       1       1       1       1     260
    call       1     466       8       4       0       0       0       2       1       0     239
   initi       0       1     511       2       2      12       1       0       1       1     216
      is       6       4       4     515       0       2       1       5       6       4     437
    read       0       0       0       5     353       2       1       1       0       0     209
   creat       0       1       7       4       2     300       2       0       1       0     203
     add       1       3       1       3       0       1     225       1       0       1     129
   write       1       0       1       0       1       3       0     304       0       0     113
   handl       0       2       1       3       0       0       0       1     269       0     183
     for       0       1       1       0       0       0       1       2       0      84     101
   other     173     162     155     159     119     117      94      92      73      39   38664

              precision    recall  f1-score   support

       check       0.65      0.55      0.59       606
        call       0.73      0.65      0.68       721
       initi       0.74      0.68      0.71       747
          is       0.73      0.52      0.61       984
        read       0.74      0.62      0.67       571
       creat       0.68      0.58      0.63       520
         add       0.69      0.62      0.65       365
       write       0.74      0.72      0.73       423
       handl       0.76      0.59      0.66       459
         for       0.65      0.44      0.53       190
       other       0.95      0.97      0.96     39847

    accuracy                           0.92     45433
   macro avg       0.73      0.63      0.68     45433
weighted avg       0.92      0.92      0.92     45433

