__________________________________________________________________________________________________
Layer (type)                    Output Shape         Param #     Connected to                     
==================================================================================================
input_2 (InputLayer)            (None, 100)          0                                            
__________________________________________________________________________________________________
embedding_2 (Embedding)         (None, 100, 10)      1320        input_2[0][0]                    
__________________________________________________________________________________________________
input_1 (InputLayer)            (None, 50)           0                                            
__________________________________________________________________________________________________
cu_dnngru_1 (CuDNNGRU)          [(None, 100, 100), ( 33600       embedding_2[0][0]                
__________________________________________________________________________________________________
embedding_1 (Embedding)         (None, 50, 100)      7500000     input_1[0][0]                    
__________________________________________________________________________________________________
cu_dnngru_2 (CuDNNGRU)          [(None, 50, 100), (N 60600       embedding_1[0][0]                
                                                                 cu_dnngru_1[0][1]                
__________________________________________________________________________________________________
concatenate_1 (Concatenate)     (None, 150, 100)     0           cu_dnngru_1[0][0]                
                                                                 cu_dnngru_2[0][0]                
__________________________________________________________________________________________________
flatten_1 (Flatten)             (None, 15000)        0           concatenate_1[0][0]              
__________________________________________________________________________________________________
dense_1 (Dense)                 (None, 42)           630042      flatten_1[0][0]                  
==================================================================================================
Total params: 8,225,562
Trainable params: 8,225,562
Non-trainable params: 0
__________________________________________________________________________________________________

          return     set     get     add   creat   initi    test   remov   check      is    call retriev   updat    auto   writedetermin    read   handl      to      if  insert descrpt     use    load   delet convert   start   clear   print    find   reset    save    send   gener   close  compar   indic perform   chang    show   other
  return    4342      36    3276      18      48      60      14       2      40       0       0       0       0       0       0       0       0       0       0       0       0       0       0       0       0       0       0       0       0       0       0       0       0       0       0      12       0       0       0       0    3173
     set      22    8390      12     356       4      16      12       7       1       0       0       0       0       0       3       0       0       0       0       0       0       0       0       0       0       0       0       0       0       0       5       0       0       0       0       0       0       0       0       0    2211
     get    2904      27    3353       4      54      57      17       0      16       0       0       3       0       0       0       0       1       0       0       0       0       0       0       0       0       0       0       0       0       0       0       0       0       0       0       0       0       0       0       0    2262
     add      54     240       0    1210       5       5       5      26       0       0       0       0       0       0       3       0       0       0       0       0       0       0       0       0       0       0       0       0       1       0       0       0       0       0       0       0       0       0       0       0    1774
   creat     165      31       9      10     109      38      26       1       0       1       0       0       0       0       0       0       0       0       0       0       0       0       0       0       0       0       0       0       0       0       0       0       0       0       0       0       0       0       0       0    1313
   initi      19      46       4       4      10    1440       6       0       0       0       0       0       0       0       1       0       0       0       0       0       0       0       0       0       0       0       0       0       0       0       4       0       0       0       0       0       0       0       0       0     363
    test      82       1      10       1       1       8     688       0       8       0       0       0       0       0       0       0       0       0       0       0       0       0       0       0       0       0       0       0       0       0       0       0       0       0       0       2       0       0       0       0     705
   remov      93      60       0     210       0       1       3      50       0       0       0       0       0       1       2       0       0       0       0       0       0       0       0       0       0       0       0       0       0       0       0       0       0       0       0       0       0       0       0       0    1081
   check     479      14      77       2       0       1      31       0      37       0       0       0       0       0       0       0       0       0       0       0       0       0       0       0       0       0       0       0       0       0       0       0       0       0       0       7       1       0       0       0     817
      is      98      40      56       7       3       3       3       1       4       8       0       0       0       0       3       0       0       0       0       0       0       0       0       0       0       0       0       0       0       0       0       0       0       0       0       0       0       0       0       0     408
    call      14      32       2       7       6       3       0       1       0       0       0       0       0       0       0       0       0       0       0       0       0       0       0       0       1       0       1       0       0       0       2       0       0       0       1       0       0       0       0       0     678
 retriev     138       3      93       0       1      12       1       0       0       0       0       1       0       0       0       0       0       0       0       0       0       0       0       0       0       0       0       0       0       0       0       0       0       0       0       0       0       0       0       0     221
   updat       6      47       0       9       0       2       4       0       0       0       0       0       0       0       0       0       0       0       0       0       0       0       0       0       0       0       0       0       0       0       0       0       0       0       0       0       0       0       0       0     473
    auto       0       2       6       0       0       0       0       0       0       0       0       0       0       8       0       0       0       0       0       0       0       0       0       0       0       0       0       0       0       0       0       0       0       0       0       0       0       0       0       0       3
   write       8      12       2       7       0       2       6       0       0       0       0       0       0       0      17       0       1       0       0       0       0       0       0       0       0       0       0       0       1       0       0       0       0       0       0       0       0       0       0       0     442
determin     136      17      45       0       0       0       3       0       7       0       0       0       0       0       0       0       0       0       0       0       0       0       0       0       0       0       0       0       0       0       0       0       0       0       0       2       0       0       0       0     178
    read      44      10       0       0       0       3       7       0       0       0       0       0       0       0       1       0       5       0       0       0       0       0       0       0       0       0       0       0       0       0       0       0       0       0       0       0       0       0       0       0     310
   handl       4      12       0       4       0       0       2       0       0       0       0       0       0       0       0       0       0       5       0       0       0       0       0       0       0       0       0       0       0       0       1       0       0       0       0       0       0       0       0       0     212
      to      52      44      29      14       3       2       0       0       0       0       0       0       0       0       1       0       0       0       0       0       0       0       0       0       0       0       0       0       0       0       0       0       0       0       0       1       0       0       0       0     213
      if      34      38      19       4       0       0       5       0       1       0       0       0       0       0       1       0       0       0       0       0       0       0       0       0       0       0       0       0       0       0       0       0       0       0       0       1       0       0       0       0     142
  insert       6       8       2       9       1       0       1       2       0       0       0       0       0       0       0       0       0       0       0       0       0       0       0       0       0       0       0       0       0       0       0       0       0       0       0       0       0       0       0       0     154
 descrpt       0       0       0       0       0       0       0       0       0       0       0       0       0       0       0       0       0       0       0       0       0       0       0       0       0       0       0       0       0       0       0       0       0       0       0       0       0       0       0       0       0
     use      53      37      15       7       3       0       4       0       1       0       0       0       0       0       0       0       0       0       0       0       0       0       0       0       0       0       0       0       0       0       0       0       0       0       0       0       0       0       0       0     222
    load      23       7       3       4       0       3       3       0       0       0       0       0       0       0       0       0       0       0       0       0       0       0       0       0       0       0       0       0       0       0       0       0       0       0       0       0       0       0       0       0     290
   delet       9       9       0      13       0       0       0       0       0       0       0       0       0       0       0       0       0       0       0       0       0       0       0       0       4       0       0       0       0       0       1       0       0       0       0       0       0       0       0       0     253
 convert      74       7       1       2       0       0       7       0       1       0       0       0       0       0       0       0       0       0       0       0       0       0       0       0       0       0       0       0       0       0       0       0       0       0       0       0       0       0       0       0     248
   start       5      18       2       4       3       4       3       1       0       0       0       0       0       0       0       0       0       0       0       0       0       0       0       0       0       0       0       0       0       0       2       0       0       0       0       0       0       0       0       0     258
   clear       3       5       0       4       0       3       0       1       0       0       0       0       0       0       0       0       0       0       0       0       0       0       0       0       0       0       0       1       0       0       7       0       0       0       1       0       0       0       0       0     281
   print      23       9       2       7       0       0      10       1       0       0       0       0       0       0       1       0       0       0       0       0       0       0       0       0       0       0       0       0       4       0       0       0       0       0       0       0       0       0       0       0     343
    find      96       3      11       1       0       1       0       0       0       0       0       0       0       0       0       0       0       0       0       0       0       0       0       0       0       0       0       0       0       0       0       0       0       0       0       0       0       0       0       0     276
   reset       3       9       0       1       0       2       7       0       0       0       0       0       0       0       0       0       0       0       0       0       0       0       0       0       0       0       0       2       0       0      19       0       0       0       0       0       0       0       0       0     244
    save       7       7       1       6       0       0       2       0       0       0       0       0       0       0       0       0       0       0       0       0       0       0       0       0       0       0       0       0       0       0       0       0       0       0       0       0       0       0       0       0     199
    send       7       8       0       5       0       0       1       1       0       0       0       0       0       0       3       0       0       0       0       0       0       0       0       0       0       0       0       0       0       0       0       0       0       0       1       0       0       0       0       0     247
   gener      16       4       3       2       3       0       1       0       0       0       0       0       0       0       0       0       0       0       0       0       0       0       0       0       0       0       0       0       0       0       0       0       0       0       0       0       0       0       0       0     183
   close       2       1       0       0       0       1       0       0       0       0       0       0       0       0       0       0       0       0       0       0       0       0       0       0       0       0       0       1       0       0       0       0       0       0      23       0       0       0       0       0     288
  compar      36       0       0       0       0       0       7       0       8       0       0       0       0       0       0       0       0       0       0       0       0       0       0       0       0       0       0       0       0       0       0       0       0       0       0      23       0       0       0       0     137
   indic      49      22      50       0       0       0       0       1       0       0       0       0       0       0       0       0       0       0       0       0       0       0       0       0       0       0       0       0       0       0       0       0       0       0       0       2       1       0       0       0      61
 perform       8       4       1       4       0       0       2       0       1       0       0       0       0       0       0       0       1       0       0       0       0       0       0       0       0       0       0       0       0       0       0       0       0       0       0       0       0       0       0       0     221
   chang       3     162       1       9       1       0       0       1       0       0       0       0       0       0       0       0       0       0       0       0       0       0       0       0       0       0       0       0       0       0       0       0       0       0       0       0       0       0       0       0     171
    show      11      19       3      10       1      13       4       1       0       0       0       0       0       0       0       0       0       0       0       0       0       0       0       0       0       0       0       0       0       0       0       0       0       0       0       0       0       0       0       0     209
   other    2198    1485     789     431     193     132     420      24      48       0       0       2       0       4      19       0       3       0       0       0       0       0       0       1       0       0       1       2       9       0      39       0       0       0      24       8       2       0       0       0   15646

              precision    recall  f1-score   support

      return       0.38      0.39      0.39     11021
         set       0.77      0.76      0.76     11039
         get       0.43      0.39      0.40      8698
         add       0.51      0.36      0.42      3323
       creat       0.24      0.06      0.10      1703
       initi       0.79      0.76      0.78      1897
        test       0.53      0.46      0.49      1506
       remov       0.41      0.03      0.06      1501
       check       0.21      0.03      0.05      1466
          is       0.89      0.01      0.02       634
        call       0.00      0.00      0.00       748
     retriev       0.17      0.00      0.00       470
       updat       0.00      0.00      0.00       541
        auto       0.62      0.42      0.50        19
       write       0.31      0.03      0.06       498
    determin       0.00      0.00      0.00       388
        read       0.45      0.01      0.03       380
       handl       1.00      0.02      0.04       240
          to       0.00      0.00      0.00       359
          if       0.00      0.00      0.00       245
      insert       0.00      0.00      0.00       183
     descrpt       0.00      0.00      0.00         0
         use       0.00      0.00      0.00       342
        load       0.00      0.00      0.00       333
       delet       0.80      0.01      0.03       289
     convert       0.00      0.00      0.00       340
       start       0.00      0.00      0.00       300
       clear       0.17      0.00      0.01       306
       print       0.27      0.01      0.02       400
        find       0.00      0.00      0.00       388
       reset       0.24      0.07      0.10       287
        save       0.00      0.00      0.00       222
        send       0.00      0.00      0.00       273
       gener       0.00      0.00      0.00       212
       close       0.46      0.07      0.13       316
      compar       0.40      0.11      0.17       211
       indic       0.25      0.01      0.01       186
     perform       0.00      0.00      0.00       242
       chang       0.00      0.00      0.00       348
        show       0.00      0.00      0.00       271
       other       0.42      0.73      0.54     21480

   micro avg       0.48      0.48      0.48     73605
   macro avg       0.26      0.12      0.12     73605
weighted avg       0.45      0.48      0.43     73605

