__________________________________________________________________________________________________
Layer (type)                    Output Shape         Param #     Connected to                     
==================================================================================================
input_2 (InputLayer)            (None, 10, 25)       0                                            
__________________________________________________________________________________________________
input_1 (InputLayer)            (None, 50)           0                                            
__________________________________________________________________________________________________
input_3 (InputLayer)            (None, 100)          0                                            
__________________________________________________________________________________________________
time_distributed_1 (TimeDistrib (None, 10, 25, 100)  7500000     input_2[0][0]                    
__________________________________________________________________________________________________
embedding_1 (Embedding)         (None, 50, 100)      7500000     input_1[0][0]                    
__________________________________________________________________________________________________
embedding_2 (Embedding)         (None, 100, 10)      1320        input_3[0][0]                    
__________________________________________________________________________________________________
time_distributed_2 (TimeDistrib (None, 10, 256)      274944      time_distributed_1[0][0]         
__________________________________________________________________________________________________
cu_dnngru_1 (CuDNNGRU)          [(None, 50, 256), (N 274944      embedding_1[0][0]                
__________________________________________________________________________________________________
cu_dnngru_2 (CuDNNGRU)          [(None, 100, 256), ( 205824      embedding_2[0][0]                
__________________________________________________________________________________________________
concatenate_1 (Concatenate)     (None, 160, 256)     0           time_distributed_2[0][0]         
                                                                 cu_dnngru_1[0][0]                
                                                                 cu_dnngru_2[0][0]                
__________________________________________________________________________________________________
flatten_1 (Flatten)             (None, 40960)        0           concatenate_1[0][0]              
__________________________________________________________________________________________________
dense_1 (Dense)                 (None, 42)           1720362     flatten_1[0][0]                  
==================================================================================================
Total params: 17,477,394
Trainable params: 17,477,394
Non-trainable params: 0
__________________________________________________________________________________________________

          return     set     get     add   creat   initi    test   remov   check      is    call retriev   updat    auto   writedetermin    read   handl      to      if  insert descrpt     use    load   delet convert   start   clear   print    find   reset    save    send   gener   close  compar   indic perform   chang    show   other
  return    6199      46    1805      37      85      24       9      34     148       0       0      20       5       0      11       3      15       0       2       0       1       0       0      14       5       4       0       0       1      15       0       2       1      12       0      19       2       0       0       5    2497
     set      50    8825      45     146      25      35       7      33       6       0       0       6      12       0      11       0       0       0       2       0       3       0       0      10       4       0       1       2       1       1       7      10       5       3       0       2       0       0       6      13    1768
     get    3541      41    3225      16      79      17       9       7      24       0       0       4      21       0       2       0      22       0       0       0       0       0       0      10       7       1       0       0       0       4       0       2       1       0       4       0       0       0       0       0    1661
     add      69     269      24    1557      27       8      10     165       2       0       0       0      10       0      10       0       4       0       0       0       3       0       0       1       2       0       0       0       1       2       0       0       1       0       0       2       0       0       2       2    1152
   creat     169      26      43      40     509      16      15       2       6       0       4       7       9       0       1       0       2       0       0       0       0       0       0      10       5       2       2       1       0       1       0       7       0       5       0       0       0       0       0       3     818
   initi      14      37      10       9      15    1479       1       1       0       0       0       0       3       0       1       0       0       0       1       0       0       0       0       2       0       0       2       0       1       1       3       0       0       0       0       0       0       0       0       3     314
    test      70       2      21       2       9       0     998       2      36       0       0       0       1       0       0       0       3       0       0       0       0       0       0       0       0       0       0       0       2       0       0       0       0       0       0       2       0       0       0       0     358
   remov      78      87      30     159       5       4       2     328       2       0       0       1       4       0       1       0       3       0       0       0       0       0       0       2       2       0       0      16       0       0       3       0       2       0       1       1       0       0       0       1     769
   check     438      19      96       9      15       0      58      16     165       2       0       1       6       0       2       2       0       0       2       0       1       0       0       4       3       0       1       0       2       3       1       0       1       0       0       9       0       0       0       0     610
      is     134      34      36       6       8       8       3       3      19       7       0       2       1       0       0       1       1       2       0       0       0       0       0       0       1       0       1       1       3       0       3       0       2       0       1       0       0       0       0       0     357
    call      19      33       5      13       8       3       0       6       1       0       1       0       5       0       0       0       1       0       0       0       0       0       0       0       0       0       4       0       1       1       3       0       5       0       1       0       0       0       0       0     638
 retriev     182       0      79       4       6      10       0       9       0       0       0       8       1       0       1       0       3       0       0       0       0       0       0       0       4       0       0       0       0       3       0       0       2       0       0       1       0       0       0       0     157
   updat      12      47       6      10       9       3       0       5       0       0       0       1      42       0       2       0       0       0       0       0       0       0       0       0       5       0       0       0       0       1       3       2       0       0       0       0       0       0       0       1     392
    auto       2       1       0       2       0       0       0       0       0       0       0       0       0       8       0       0       0       0       0       0       0       0       0       0       0       0       0       0       0       0       0       0       0       0       0       0       0       0       0       0       6
   write       6      19       7      10       2       1       4       0       5       0       0       1       1       0     153       0      15       0       0       0       0       0       0       3       1       0       0       0       8       0       0       2       2       1       2       1       0       0       0       0     254
determin     131      16      73       5       4       0       1       3      10       1       0       0       1       0       0       0       0       0       0       0       0       0       0       0       0       0       0       0       0       0       0       0       0       1       0       3       0       0       0       0     139
    read      24      12      10       0       4       6       1       0       7       0       0       1       0       0      12       0      98       0       0       0       0       0       0       9       0       0       0       0       0       0       0       0       1       0       0       0       0       0       0       0     195
   handl       3       6       0       1       3       2       2       3       0       0       0       0       0       0       0       0       0       6       0       0       0       0       0       0       0       0       0       0       0       0       0       0       3       0       0       0       0       0       0       0     211
      to      56      52      41      11       2       1       0       4       0       0       0       0       3       0       1       0       0       0       0       0       0       0       0       0       0       0       0       0       0       0       0       1       5       0       2       2       0       0       0       0     178
      if      38      35      13       2       0       0       2       2       3       0       0       0       1       0       1       0       0       0       0       0       0       0       0       3       0       0       0       0       0       1       0       0       0       0       0       0       0       0       0       0     144
  insert       9      14       3      18       5       0       0       4       0       0       0       0       2       0       0       0       0       0       0       0      14       0       0       0       4       0       0       0       1       0       0       0       0       1       0       0       0       0       0       0     108
 descrpt       0       0       0       0       0       0       0       0       0       0       0       0       0       0       0       0       0       0       0       0       0       0       0       0       0       0       0       0       0       0       0       0       0       0       0       0       0       0       0       0       0
     use      56      41      23      12       9       0       3       4       1       0       0       0       0       0       2       0       0       0       0       0       1       0       0       0       0       0       1       0       1       0       0       0       2       0       0       0       0       0       0       0     186
    load      19      12       6       8      15       4       1       2       1       0       0       1       3       0       1       0       3       0       0       0       0       0       0      50       2       0       0       0       0       0       0       7       0       0       0       0       0       0       0       0     198
   delet      18      13      14       8       7       0       2       6       2       0       1       2       7       0       0       0       1       0       0       0       4       0       0       1      27       1       0       1       0       0       3       0       0       0       1       0       0       0       0       0     170
 convert      55       9      17       2       3       1       3       0       2       0       0       1       0       0       1       0       0       0       1       0       0       0       0       2       0      36       0       0       1       0       0       0       0       0       0       1       0       0       0       0     205
   start       6      15       1       6       3       0       1       1       1       0       0       0       6       0       0       0       0       0       0       0       0       0       0       0       0       0      26       0       1       1       0       0       1       1       0       0       0       0       0       0     230
   clear       0      13       5       4       1       2       0      21       1       0       0       0       3       0       2       0       0       0       1       0       0       0       0       2       1       0       0      33       0       0      12       0       0       0       0       0       0       0       0       0     205
   print      27       7       1       3       2       0       0       3       1       0       0       0       0       0      27       0       0       0       0       0       0       0       0       0       0       0       1       0      70       0       0       1       1       1       0       0       0       0       0       0     255
    find      89       4      36       3       3       0       0       4       3       0       0       1       0       0       0       0       1       0       0       0       1       0       0       1       1       0       0       0       0      38       0       0       0       0       0       0       0       0       0       0     203
   reset       5      15       1       2       1       2       0       3       0       0       0       0       6       0       0       0       2       0       0       0       0       0       0       0       0       0       0       3       0       0      61       0       0       0       1       0       0       0       0       0     185
    save       4      16       1       1       3       5       0       4       0       0       0       0       0       0       0       0       0       0       0       0       0       0       0       5       0       0       0       0       0       0       0      19       0       0       1       0       0       0       0       0     163
    send       4      21       2       3       3       0       0       4       0       0       0       0       6       0       3       0       0       1       0       0       0       0       0       0       0       0       1       0       0       0       0       0      46       0       2       0       0       0       0       1     176
   gener      24       4       6       5       6       0       0       0       0       0       0       0       0       0       2       0       0       0       0       0       0       0       0       0       0       0       0       0       4       0       0       0       0      24       1       0       0       0       0       0     136
   close       3       2       1       1       0       8       0       1       0       0       0       0       1       0       4       0       1       0       0       0       0       0       0       0       1       0       0       0       0       0       1       1       3       0      70       0       0       0       0       2     216
  compar      42       3       8       0       0       0       2       0       6       0       0       0       0       0       1       0       0       0       0       0       0       0       0       0       0       0       0       0       0       0       0       0       0       0       0      56       0       0       0       0      93
   indic      71      13      18       4       0       0       0       1       6       0       0       1       0       0       0       0       1       0       0       0       0       0       0       0       1       0       0       1       1       0       0       0       0       0       0       2       0       0       0       0      66
 perform       6      12       3       2       0       0       1       0       7       0       0       0       1       0       1       0       0       0       0       0       1       0       0       0       0       0       0       0       1       1       1       0       0       0       1       1       0       0       0       0     203
   chang       3     161       2       9       0       0       1       5       0       0       0       1       1       0       1       0       0       0       0       0       1       0       0       0       0       0       0       0       0       0       0       1       0       0       0       0       0       0       0       6     156
    show      15      22       5       1       2       6       0       4       0       0       0       0       2       0       0       0       0       0       0       0       0       0       0       3       0       0       0       0       1       0       0       0       0       0       0       0       0       0       0      31     179
   other    2515    1583     844     410     551     127     514     204     127       0       2      39      63       0      80       0      47       4       9       0      16       0       0      60      31      18      42      17      26      44      34      21      47      11      55      30       1       0       3      35   13870

              precision    recall  f1-score   support

      return       0.44      0.56      0.49     11021
         set       0.76      0.80      0.78     11039
         get       0.49      0.37      0.42      8698
         add       0.61      0.47      0.53      3323
       creat       0.36      0.30      0.33      1703
       initi       0.83      0.78      0.81      1897
        test       0.60      0.66      0.63      1506
       remov       0.37      0.22      0.27      1501
       check       0.28      0.11      0.16      1466
          is       0.70      0.01      0.02       634
        call       0.12      0.00      0.00       748
     retriev       0.08      0.02      0.03       470
       updat       0.19      0.08      0.11       541
        auto       1.00      0.42      0.59        19
       write       0.46      0.31      0.37       498
    determin       0.00      0.00      0.00       388
        read       0.44      0.26      0.33       380
       handl       0.46      0.03      0.05       240
          to       0.00      0.00      0.00       359
          if       0.00      0.00      0.00       245
      insert       0.30      0.08      0.12       183
     descrpt       0.00      0.00      0.00         0
         use       0.00      0.00      0.00       342
        load       0.26      0.15      0.19       333
       delet       0.25      0.09      0.14       289
     convert       0.58      0.11      0.18       340
       start       0.32      0.09      0.14       300
       clear       0.44      0.11      0.17       306
       print       0.55      0.17      0.27       400
        find       0.32      0.10      0.15       388
       reset       0.45      0.21      0.29       287
        save       0.25      0.09      0.13       222
        send       0.35      0.17      0.23       273
       gener       0.40      0.11      0.18       212
       close       0.49      0.22      0.31       316
      compar       0.42      0.27      0.33       211
       indic       0.00      0.00      0.00       186
     perform       0.00      0.00      0.00       242
       chang       0.00      0.00      0.00       348
        show       0.30      0.11      0.17       271
       other       0.47      0.65      0.54     21480

   micro avg       0.52      0.52      0.52     73605
   macro avg       0.35      0.20      0.23     73605
weighted avg       0.50      0.52      0.49     73605

