__________________________________________________________________________________________________
Layer (type)                    Output Shape         Param #     Connected to                     
==================================================================================================
input_1 (InputLayer)            (None, 50)           0                                            
__________________________________________________________________________________________________
input_2 (InputLayer)            (None, 100, 8)       0                                            
__________________________________________________________________________________________________
embedding_1 (Embedding)         (None, 50, 100)      7500000     input_1[0][0]                    
__________________________________________________________________________________________________
time_distributed_1 (TimeDistrib (None, 100, 8, 100)  7500000     input_2[0][0]                    
__________________________________________________________________________________________________
cu_dnngru_1 (CuDNNGRU)          [(None, 50, 256), (N 274944      embedding_1[0][0]                
__________________________________________________________________________________________________
time_distributed_2 (TimeDistrib (None, 100, 256)     274944      time_distributed_1[0][0]         
__________________________________________________________________________________________________
concatenate_1 (Concatenate)     (None, 150, 256)     0           cu_dnngru_1[0][0]                
                                                                 time_distributed_2[0][0]         
__________________________________________________________________________________________________
flatten_1 (Flatten)             (None, 38400)        0           concatenate_1[0][0]              
__________________________________________________________________________________________________
dense_1 (Dense)                 (None, 41)           1574441     flatten_1[0][0]                  
==================================================================================================
Total params: 17,124,329
Trainable params: 17,124,329
Non-trainable params: 0
__________________________________________________________________________________________________

          return     set     get     add   creat   initi    test   remov   check      is    call retriev   updat    auto   writedetermin    read   handl      to      if  insert descrpt     use    load   delet convert   start   clear   print    find   reset    save    send   gener   close  compar   indic perform   chang    show   other
  return    2954     161    1776       0       0       2       4       0       0       0       0       0       0       0       0       0       0       0       0       0       0       0       0       0       0       0       0       0       0       0       0       0       0       0       0       0       0       0       0       0    6124
     set     398    1357      89       1       0       3       7       0       0       0       0       0       0       0       0       0       0       0       0       0       0       0       0       0       0       0       0       0       0       0       0       0       0       0       0       0       0       0       0       0    9184
     get    2247     119    1742       0       0       0      12       0       0       0       0       0       0       0       0       0       0       0       0       0       0       0       0       0       0       0       0       0       0       0       0       0       0       0       0       0       0       0       0       0    4578
     add     134     178      60       0       0       1       4       0       0       0       0       0       0       0       0       0       0       0       0       0       0       0       0       0       0       0       0       0       0       0       0       0       0       0       0       0       0       0       0       0    2946
   creat     138      64      26       0       0       0       6       0       0       0       0       0       0       0       0       0       0       0       0       0       0       0       0       0       0       0       0       0       0       0       0       0       0       0       0       0       0       0       0       0    1469
   initi     121      29      10       0       0       0       3       0       0       0       0       0       0       0       0       0       0       0       0       0       0       0       0       0       0       0       0       0       0       0       0       0       0       0       0       0       0       0       0       0    1734
    test     114      47      63       0       0       0      15       0       0       0       0       0       0       0       0       0       0       0       0       0       0       0       0       0       0       0       0       0       0       0       0       0       0       0       0       0       0       0       0       0    1267
   remov     111      55      44       0       0       0       1       0       0       0       0       0       0       0       0       0       0       0       0       0       0       0       0       0       0       0       0       0       0       0       0       0       0       0       0       0       0       0       0       0    1290
   check     312      21      63       0       0       0       4       0       0       0       0       0       0       0       0       0       0       0       0       0       0       0       0       0       0       0       0       0       0       0       0       0       0       0       0       0       0       0       0       0    1066
      is     120      16      46       0       0       0       0       0       0       0       0       0       0       0       0       0       0       0       0       0       0       0       0       0       0       0       0       0       0       0       0       0       0       0       0       0       0       0       0       0     452
    call      67      26      28       0       0       1       0       0       0       0       0       0       0       0       0       0       0       0       0       0       0       0       0       0       0       0       0       0       0       0       0       0       0       0       0       0       0       0       0       0     626
 retriev      76      11      60       0       0       0       0       0       0       0       0       0       0       0       0       0       0       0       0       0       0       0       0       0       0       0       0       0       0       0       0       0       0       0       0       0       0       0       0       0     323
   updat      40      13       4       0       0       0       0       0       0       0       0       0       0       0       0       0       0       0       0       0       0       0       0       0       0       0       0       0       0       0       0       0       0       0       0       0       0       0       0       0     484
    auto       0       0       3       0       0       0       0       0       0       0       0       0       0       0       0       0       0       0       0       0       0       0       0       0       0       0       0       0       0       0       0       0       0       0       0       0       0       0       0       0      16
   write      30      26       9       0       0       1       0       0       0       0       0       0       0       0       0       0       0       0       0       0       0       0       0       0       0       0       0       0       0       0       0       0       0       0       0       0       0       0       0       0     432
determin      81       7      30       0       0       0       0       0       0       0       0       0       0       0       0       0       0       0       0       0       0       0       0       0       0       0       0       0       0       0       0       0       0       0       0       0       0       0       0       0     270
    read      35      11       1       0       0       0       0       0       0       0       0       0       0       0       0       0       0       0       0       0       0       0       0       0       0       0       0       0       0       0       0       0       0       0       0       0       0       0       0       0     333
   handl      28       3       3       0       0       0       0       0       0       0       0       0       0       0       0       0       0       0       0       0       0       0       0       0       0       0       0       0       0       0       0       0       0       0       0       0       0       0       0       0     206
      to      67      10      15       0       0       1       0       0       0       0       0       0       0       0       0       0       0       0       0       0       0       0       0       0       0       0       0       0       0       0       0       0       0       0       0       0       0       0       0       0     266
      if      27       6       9       0       0       0       1       0       0       0       0       0       0       0       0       0       0       0       0       0       0       0       0       0       0       0       0       0       0       0       0       0       0       0       0       0       0       0       0       0     202
  insert       9      11       2       0       0       0       0       0       0       0       0       0       0       0       0       0       0       0       0       0       0       0       0       0       0       0       0       0       0       0       0       0       0       0       0       0       0       0       0       0     161
 descrpt       0       0       0       0       0       0       0       0       0       0       0       0       0       0       0       0       0       0       0       0       0       0       0       0       0       0       0       0       0       0       0       0       0       0       0       0       0       0       0       0       0
     use      44      14      13       0       0       0       0       0       0       0       0       0       0       0       0       0       0       0       0       0       0       0       0       0       0       0       0       0       0       0       0       0       0       0       0       0       0       0       0       0     271
    load      23      13       3       0       0       1       2       0       0       0       0       0       0       0       0       0       0       0       0       0       0       0       0       0       0       0       0       0       0       0       0       0       0       0       0       0       0       0       0       0     291
   delet      25      11       3       0       0       0       1       0       0       0       0       0       0       0       0       0       0       0       0       0       0       0       0       0       0       0       0       0       0       0       0       0       0       0       0       0       0       0       0       0     249
 convert      42      12      13       0       0       0       1       0       0       0       0       0       0       0       0       0       0       0       0       0       0       0       0       0       0       0       0       0       0       0       0       0       0       0       0       0       0       0       0       0     272
   start      32       7       4       0       0       0       0       0       0       0       0       0       0       0       0       0       0       0       0       0       0       0       0       0       0       0       0       0       0       0       0       0       0       0       0       0       0       0       0       0     257
   clear      17      11       3       0       0       0       0       0       0       0       0       0       0       0       0       0       0       0       0       0       0       0       0       0       0       0       0       0       0       0       0       0       0       0       0       0       0       0       0       0     275
   print      28      35       9       0       0       2       1       0       0       0       0       0       0       0       0       0       0       0       0       0       0       0       0       0       0       0       0       0       0       0       0       0       0       0       0       0       0       0       0       0     325
    find      48       8       8       0       0       0       3       0       0       0       0       0       0       0       0       0       0       0       0       0       0       0       0       0       0       0       0       0       0       0       0       0       0       0       0       0       0       0       0       0     321
   reset      30      12       5       0       0       0       3       0       0       0       0       0       0       0       0       0       0       0       0       0       0       0       0       0       0       0       0       0       0       0       0       0       0       0       0       0       0       0       0       0     237
    save      17       3       6       0       0       0       0       0       0       0       0       0       0       0       0       0       0       0       0       0       0       0       0       0       0       0       0       0       0       0       0       0       0       0       0       0       0       0       0       0     196
    send      13       7       2       0       0       0       2       0       0       0       0       0       0       0       0       0       0       0       0       0       0       0       0       0       0       0       0       0       0       0       0       0       0       0       0       0       0       0       0       0     249
   gener      18       6       7       0       0       0       0       0       0       0       0       0       0       0       0       0       0       0       0       0       0       0       0       0       0       0       0       0       0       0       0       0       0       0       0       0       0       0       0       0     181
   close      33       7      12       0       0       1       0       0       0       0       0       0       0       0       0       0       0       0       0       0       0       0       0       0       0       0       0       0       0       0       0       0       0       0       0       0       0       0       0       0     263
  compar      39       2       1       0       0       0       0       0       0       0       0       0       0       0       0       0       0       0       0       0       0       0       0       0       0       0       0       0       0       0       0       0       0       0       0       0       0       0       0       0     169
   indic      43       3      31       0       0       0       0       0       0       0       0       0       0       0       0       0       0       0       0       0       0       0       0       0       0       0       0       0       0       0       0       0       0       0       0       0       0       0       0       0     109
 perform      29       6       4       0       0       0       0       0       0       0       0       0       0       0       0       0       0       0       0       0       0       0       0       0       0       0       0       0       0       0       0       0       0       0       0       0       0       0       0       0     203
   chang      14      20       7       0       0       0       0       0       0       0       0       0       0       0       0       0       0       0       0       0       0       0       0       0       0       0       0       0       0       0       0       0       0       0       0       0       0       0       0       0     307
    show      19       7      11       0       0       0       2       0       0       0       0       0       0       0       0       0       0       0       0       0       0       0       0       0       0       0       0       0       0       0       0       0       0       0       0       0       0       0       0       0     232
   other    2445     970     816       0       0       8      38       0       0       0       0       0       0       0       0       0       0       0       0       0       0       0       0       0       0       0       0       0       0       0       0       0       0       0       0       0       0       0       0       0   17203

              precision    recall  f1-score   support

      return       0.29      0.27      0.28     11021
         set       0.41      0.12      0.19     11039
         get       0.35      0.20      0.25      8698
         add       0.00      0.00      0.00      3323
       creat       0.00      0.00      0.00      1703
       initi       0.00      0.00      0.00      1897
        test       0.14      0.01      0.02      1506
       remov       0.00      0.00      0.00      1501
       check       0.00      0.00      0.00      1466
          is       0.00      0.00      0.00       634
        call       0.00      0.00      0.00       748
     retriev       0.00      0.00      0.00       470
       updat       0.00      0.00      0.00       541
        auto       0.00      0.00      0.00        19
       write       0.00      0.00      0.00       498
    determin       0.00      0.00      0.00       388
        read       0.00      0.00      0.00       380
       handl       0.00      0.00      0.00       240
          to       0.00      0.00      0.00       359
          if       0.00      0.00      0.00       245
      insert       0.00      0.00      0.00       183
     descrpt       0.00      0.00      0.00         0
         use       0.00      0.00      0.00       342
        load       0.00      0.00      0.00       333
       delet       0.00      0.00      0.00       289
     convert       0.00      0.00      0.00       340
       start       0.00      0.00      0.00       300
       clear       0.00      0.00      0.00       306
       print       0.00      0.00      0.00       400
        find       0.00      0.00      0.00       388
       reset       0.00      0.00      0.00       287
        save       0.00      0.00      0.00       222
        send       0.00      0.00      0.00       273
       gener       0.00      0.00      0.00       212
       close       0.00      0.00      0.00       316
      compar       0.00      0.00      0.00       211
       indic       0.00      0.00      0.00       186
     perform       0.00      0.00      0.00       242
       chang       0.00      0.00      0.00       348
        show       0.00      0.00      0.00       271
       other       0.31      0.80      0.45     21480

   micro avg       0.32      0.32      0.32     73605
   macro avg       0.04      0.03      0.03     73605
weighted avg       0.24      0.32      0.23     73605

