_________________________________________________________________
Layer (type)                 Output Shape              Param #   
=================================================================
input_1 (InputLayer)         (None, 50)                0         
_________________________________________________________________
embedding_1 (Embedding)      (None, 50, 100)           7500000   
_________________________________________________________________
cu_dnngru_1 (CuDNNGRU)       [(None, 50, 100), (None,  60600     
_________________________________________________________________
flatten_1 (Flatten)          (None, 5000)              0         
_________________________________________________________________
dense_1 (Dense)              (None, 12)                60012     
=================================================================
Total params: 7,620,612
Trainable params: 7,620,612
Non-trainable params: 0
_________________________________________________________________

          return     get     set   check    call   initi      is    read   creat     add   other
  return       0       0       0       0       0       0       0       0       0       0    1995
     get       0       0       0       0       0       0       0       0       0       0     993
     set       0       0       0       0       0       0       0       0       0       0    1143
   check       0       0       0       0       0       0       0       0       0       0     606
    call       0       0       0       0       0       0       0       0       0       0     721
   initi       0       0       0       0       0       0       0       0       0       0     747
      is       0       0       0       0       0       0       0       0       0       0     984
    read       0       0       0       0       0       0       0       0       0       0     571
   creat       0       0       0       0       0       0       0       0       0       0     520
     add       0       0       0       0       0       0       0       0       0       0     365
   other       0       0       0       0       0       0       0       0       0       0   36788

              precision    recall  f1-score   support

      return       0.00      0.00      0.00      1995
         get       0.00      0.00      0.00       993
         set       0.00      0.00      0.00      1143
       check       0.00      0.00      0.00       606
        call       0.00      0.00      0.00       721
       initi       0.00      0.00      0.00       747
          is       0.00      0.00      0.00       984
        read       0.00      0.00      0.00       571
       creat       0.00      0.00      0.00       520
         add       0.00      0.00      0.00       365
       other       0.81      1.00      0.89     36788

    accuracy                           0.81     45433
   macro avg       0.07      0.09      0.08     45433
weighted avg       0.66      0.81      0.72     45433

