_________________________________________________________________
Layer (type)                 Output Shape              Param #   
=================================================================
input_1 (InputLayer)         (None, 50)                0         
_________________________________________________________________
embedding_1 (Embedding)      (None, 50, 100)           7500000   
_________________________________________________________________
cu_dnngru_1 (CuDNNGRU)       [(None, 50, 100), (None,  60600     
_________________________________________________________________
flatten_1 (Flatten)          (None, 5000)              0         
_________________________________________________________________
dense_1 (Dense)              (None, 12)                60012     
=================================================================
Total params: 7,620,612
Trainable params: 7,620,612
Non-trainable params: 0
_________________________________________________________________

          return     set     get     add   creat   initi    test   remov   check      is   other
  return       0       0       0       0       0       0       0       0       0       0   11021
     set       0       0       0       0       0       0       0       0       0       0   11039
     get       0       0       0       0       0       0       0       0       0       0    8698
     add       0       0       0       0       0       0       0       0       0       0    3323
   creat       0       0       0       0       0       0       0       0       0       0    1703
   initi       0       0       0       0       0       0       0       0       0       0    1897
    test       0       0       0       0       0       0       0       0       0       0    1506
   remov       0       0       0       0       0       0       0       0       0       0    1501
   check       0       0       0       0       0       0       0       0       0       0    1466
      is       0       0       0       0       0       0       0       0       0       0     634
   other       0       0       0       0       0       0       0       0       0       0   30817

              precision    recall  f1-score   support

      return       0.00      0.00      0.00     11021
         set       0.00      0.00      0.00     11039
         get       0.00      0.00      0.00      8698
         add       0.00      0.00      0.00      3323
       creat       0.00      0.00      0.00      1703
       initi       0.00      0.00      0.00      1897
        test       0.00      0.00      0.00      1506
       remov       0.00      0.00      0.00      1501
       check       0.00      0.00      0.00      1466
          is       0.00      0.00      0.00       634
       other       0.42      1.00      0.59     30817

    accuracy                           0.42     73605
   macro avg       0.04      0.09      0.05     73605
weighted avg       0.18      0.42      0.25     73605

