__________________________________________________________________________________________________
Layer (type)                    Output Shape         Param #     Connected to                     
==================================================================================================
input_2 (InputLayer)            (None, 10, 25)       0                                            
__________________________________________________________________________________________________
input_1 (InputLayer)            (None, 50)           0                                            
__________________________________________________________________________________________________
input_3 (InputLayer)            (None, 100)          0                                            
__________________________________________________________________________________________________
time_distributed_1 (TimeDistrib (None, 10, 25, 100)  7500000     input_2[0][0]                    
__________________________________________________________________________________________________
embedding_1 (Embedding)         (None, 50, 100)      7500000     input_1[0][0]                    
__________________________________________________________________________________________________
embedding_2 (Embedding)         (None, 100, 10)      1320        input_3[0][0]                    
__________________________________________________________________________________________________
time_distributed_2 (TimeDistrib (None, 10, 256)      274944      time_distributed_1[0][0]         
__________________________________________________________________________________________________
cu_dnngru_1 (CuDNNGRU)          [(None, 50, 256), (N 274944      embedding_1[0][0]                
__________________________________________________________________________________________________
cu_dnngru_2 (CuDNNGRU)          [(None, 100, 256), ( 205824      embedding_2[0][0]                
__________________________________________________________________________________________________
concatenate_1 (Concatenate)     (None, 160, 256)     0           time_distributed_2[0][0]         
                                                                 cu_dnngru_1[0][0]                
                                                                 cu_dnngru_2[0][0]                
__________________________________________________________________________________________________
flatten_1 (Flatten)             (None, 40960)        0           concatenate_1[0][0]              
__________________________________________________________________________________________________
dense_1 (Dense)                 (None, 42)           1720362     flatten_1[0][0]                  
==================================================================================================
Total params: 17,477,394
Trainable params: 17,477,394
Non-trainable params: 0
__________________________________________________________________________________________________

          return     set     get     add   creat   initi    test   remov   check      is    call retriev   updat    auto   writedetermin    read   handl      to      if  insert descrpt     use    load   delet convert   start   clear   print    find   reset    save    send   gener   close  compar   indic perform   chang    show   other
  return    5862      29    3601      10      92       7       0       6     347       0       0       5       2       0       0       6      14       0       0       0       0       0       0       3       5      27       0       0       3      34       1       3       0       3       1      31       0       0       0       1     928
     set      13   10409      23      40      10      21       2       3       1       0       0       0      29       0       1       0       0       4       0       0       0       0       0       2       0       0       2       5       0       0      12       0       2       0       2       0       0       0       8      11     439
     get    3103      21    5128       7      11      10       3       3      47       0       0       5       5       0       1       0       4       1       0       0       1       0       0       3       3       5       0       1       1       4       0       1       0       1       0       1       0       0       0       0     328
     add       3      43       4    2978      17       2      10       3       1       0       0       0       2       0       3       0       0       0       0       0       7       0       0       8       0       0       0       0       5       0       0       2       3       0       0       0       0       0       0       0     232
   creat      83      25      47      46    1059      17      17       0       2       0       0       0       2       0       0       0       1       1       0       0       1       0       0       7       0       6       6       1       3       0       0       0       2      10       0       0       0       0       0       1     366
   initi      23      19      13       2      29    1636       0       0       0       0       0       0       2       2       0       0       1       0       0       0       1       0       0       2       0       0       5       0       1       0       0       0      13       0       0       0       0       0       0       0     148
    test      79       2       3       1       1       2    1196       1      72       0       0       0       1       0       1       0       0       0       0       0       0       0       0       0       0       0       1       0       0       1       0       0       0       0       0       9       0       0       0       0     136
   remov       7       1       2       1       0       2       3    1193       0       0       0       0       2       0       0       0       0       0       0       0       0       0       0       1      35       0       0      70       0       0       5       3       0       0       4       0       0       0       0       0     172
   check     428       9      17       2       3       0      60       3     635       1       0       0       3       0       0       1       0       1       0       0       0       0       0       2       0       0       0       0       1       1       0       2       0       0       0      21       0       0       1       4     271
      is     142      40      27      15      20       9       2       8      58       9       2       0      11       0       1       0       0       3       0       0       2       0       0       0       2       1       8       3       3       1       1       1       5       2       1       2       0       0       0       0     255
    call       5      29       6      15       6       8       1       9       4       0      17       0      23       0       0       0       0       3       0       0       1       0       0       1       1       0      14       2       3       3       4       5       1       0       4       0       0       0       3       0     580
 retriev     199       0     185       1       0       5       0       0       2       0       0      21       0       0       0       0       0       0       0       0       0       0       0       1       0       0       0       0       0      14       0       0       0       0       0       0       0       0       0       0      42
   updat       2      27       1       2       1       0       0       0       4       0       0       0     416       0       0       0       0       2       0       0       0       0       0       1       0       0       0       0       0       0       4       1       5       0       0       0       0       0       5       0      70
    auto       2       2       3       3       0       0       0       0       0       0       0       0       0       6       0       0       0       0       0       0       0       0       0       0       0       0       0       0       0       0       0       0       0       0       0       0       0       0       0       0       3
   write       5      21       1       0       3       0       3       0       0       0       0       0       1       0     314       0       0       0       0       0       0       0       0       1       0       0       4       0      10       0       0      12       2       1       5       0       0       0       0       0     115
determin     133      21      37       0       0       0       1       0     113       0       0       0       1       0       0       0       0       0       0       0       0       0       0       0       0       0       0       0       0       0       0       0       0       1       0       6       0       0       0       0      75
    read      14       3      22       6       0       5       0       0       2       0       0       0       2       0       0       0     210       0       0       0       0       0       0      16       0       0       0       0       0       0       0       0       0       0       0       0       0       0       0       0     100
   handl       0       5       1       2       0       0       2       3       0       0       2       0       4       0       0       0       0      61       0       0       0       0       0       1       1       0       0       0       0       0       0       0       0       0       1       0       0       0       0       0     157
      to      62      76      40      20       4       2       0       3       5       0       0       0      13       0      10       0       0       0       0       0       1       0       0       5       0       4       4       0       1       1       2       1       0       1       5       3       0       0       2       2      92
      if      43      38      14       3       1       2       5       1      16       0       0       0       8       0       3       0       1       0       0       0       0       0       0       0       2       0       0       1       3       0       1       0       1       1       0       1       0       0       0       0     100
  insert       5       5       2      28       3       0       0       0       2       0       0       0       1       0       0       0       1       1       0       0      90       0       0       0       0       0       0       0       0       0       0       0       0       0       1       0       0       0       0       0      44
 descrpt       0       0       0       0       0       0       0       0       0       0       0       0       0       0       0       0       0       0       0       0       0       0       0       0       0       0       0       0       0       0       0       0       0       0       0       0       0       0       0       0       0
     use      48      52      45      13       7       2       5       8      10       0       0       0       3       0       1       0       0       1       0       0       1       0       0       1       1       0       3       0       7       3       1       0       1       3       1       2       0       0       4       2     117
    load      13       2      10       4       1       8       0       0       0       0       0       0       0       0       0       0       2       0       0       0       0       0       0     245       0       1       0       0       0       1       0       0       0       0       0       0       0       0       0       0      46
   delet       0       1       0       0       0       0       0      22       0       0       0       0       2       0       0       0       0       0       0       0       0       0       0       0     225       0       0       5       0       0       3       0       0       0       0       0       0       0       0       0      31
 convert      78       4      17       0       1       0       1       0       0       0       0       0       1       0       1       0       0       0       0       0       0       0       0       0       0     112       0       0       0       0       0       0       1       0       0       0       0       0       0       0     124
   start       4       3       2       0       6       1       3       0       0       0       0       0       4       0       0       0       0       0       0       0       0       0       0       0       0       0     161       0       1       0       2       0       0       0       0       0       0       1       0       0     112
   clear       0       3       0       0       0       0       0      14       0       0       0       0       1       0       0       0       1       0       0       0       0       0       0       1       1       0       0     233       0       0      16       0       1       0       0       0       0       0       0       0      35
   print      25       2       0       0       4       0       1       0       0       0       0       0       0       0      17       0       0       0       0       0       0       0       0       0       0       0       1       0     259       0       0       0       1       2       0       0       0       0       0       2      86
    find      99       3      43       2       1       0       0       1       6       0       0       0       2       0       0       0       0       0       0       0       0       0       0       0       1       0       0       0       0     141       0       0       0       0       0       1       0       0       0       0      88
   reset       0      12       1       0       0       3       0       0       0       0       0       0       5       0       0       0       0       0       0       0       0       0       0       4       1       0       0      19       0       0     215       0       0       0       0       0       0       0       0       0      27
    save       0       9       1       2       1       1       0       0       1       0       0       0       2       0       1       0       0       0       0       0       0       0       0       0       0       0       1       0       0       0       0     176       0       0       1       0       0       1       0       0      25
    send       1       3       0       0       0       0       0       0       0       0       0       0       5       0       5       0       1       0       0       0       1       0       0       0       1       0       2       0       2       0       0       0     170       1       1       0       0       0       0       0      80
   gener      20       3       9       5      12       0       0       0       1       0       0       0       1       0       0       0       0       0       0       0       0       0       0       1       1       1       0       0       1       0       0       0       0      90       0       0       0       0       0       0      67
   close       2       0       0       0       0       0       0       1       0       0       0       0       0       0       0       0       0       0       0       0       0       0       0       0       1       0       0       0       0       0       0       0       0       0     261       0       0       0       0       0      51
  compar       6       0       0       0       0       0       0       0       9       0       0       0       0       0       0       0       0       0       0       0       0       0       0       0       0       0       0       0       0       1       0       0       0       0       0     165       0       0       0       0      30
   indic      84      19       9       1       0       0       0       0      29       0       0       0       0       0       0       0       0       0       0       0       0       0       0       0       0       0       0       1       0       0       0       0       0       0       0       5       0       0       0       0      38
 perform       3       1       3       2       1       3       2       0       4       0       0       0       1       0       0       0       2       0       0       0       1       0       0       1       4       6       1       1       0       1       1       3       1       0       0       2       0       5       0       1     192
   chang       2     194       0       0       0       0       1       2       1       0       0       0       5       0       0       0       0       1       0       0       0       0       0       0       0       0       0       1       0       0       0       0       0       0       0       0       0       0      82       0      59
    show      11      16       0       0       0       2       0       0       1       0       0       0       5       0       2       0       0       0       0       0       0       0       0       2       0       0       2       0       0       0       0       4       0       0       0       0       0       0       0     103     123
   other    2084    1634    1322     434     657     204     660     156     408       1      20      11     164       0      70       7      62      74       0       0      22       0       0      89      48      47      66      42      50      73      60      51      58      30      75      75       0       5      17      74   12630

              precision    recall  f1-score   support

      return       0.46      0.53      0.49     11021
         set       0.81      0.94      0.87     11039
         get       0.48      0.59      0.53      8698
         add       0.82      0.90      0.85      3323
       creat       0.54      0.62      0.58      1703
       initi       0.84      0.86      0.85      1897
        test       0.60      0.79      0.69      1506
       remov       0.83      0.79      0.81      1501
       check       0.36      0.43      0.39      1466
          is       0.82      0.01      0.03       634
        call       0.41      0.02      0.04       748
     retriev       0.50      0.04      0.08       470
       updat       0.57      0.77      0.66       541
        auto       0.75      0.32      0.44        19
       write       0.73      0.63      0.68       498
    determin       0.00      0.00      0.00       388
        read       0.70      0.55      0.62       380
       handl       0.40      0.25      0.31       240
          to       0.00      0.00      0.00       359
          if       0.00      0.00      0.00       245
      insert       0.70      0.49      0.58       183
     descrpt       0.00      0.00      0.00         0
         use       0.00      0.00      0.00       342
        load       0.62      0.74      0.67       333
       delet       0.68      0.78      0.72       289
     convert       0.53      0.33      0.41       340
       start       0.57      0.54      0.55       300
       clear       0.61      0.76      0.67       306
       print       0.73      0.65      0.69       400
        find       0.51      0.36      0.42       388
       reset       0.66      0.75      0.70       287
        save       0.66      0.79      0.72       222
        send       0.64      0.62      0.63       273
       gener       0.62      0.42      0.50       212
       close       0.72      0.83      0.77       316
      compar       0.51      0.78      0.62       211
       indic       0.00      0.00      0.00       186
     perform       0.42      0.02      0.04       242
       chang       0.67      0.24      0.35       348
        show       0.51      0.38      0.44       271
       other       0.68      0.59      0.63     21480

   micro avg       0.63      0.63      0.63     73605
   macro avg       0.53      0.47      0.46     73605
weighted avg       0.62      0.63      0.62     73605

