__________________________________________________________________________________________________
Layer (type)                    Output Shape         Param #     Connected to                     
==================================================================================================
input_2 (InputLayer)            (None, 100)          0                                            
__________________________________________________________________________________________________
embedding_2 (Embedding)         (None, 100, 10)      1320        input_2[0][0]                    
__________________________________________________________________________________________________
input_1 (InputLayer)            (None, 50)           0                                            
__________________________________________________________________________________________________
cu_dnngru_1 (CuDNNGRU)          [(None, 100, 100), ( 33600       embedding_2[0][0]                
__________________________________________________________________________________________________
embedding_1 (Embedding)         (None, 50, 100)      7500000     input_1[0][0]                    
__________________________________________________________________________________________________
cu_dnngru_2 (CuDNNGRU)          [(None, 50, 100), (N 60600       embedding_1[0][0]                
                                                                 cu_dnngru_1[0][1]                
__________________________________________________________________________________________________
concatenate_1 (Concatenate)     (None, 150, 100)     0           cu_dnngru_1[0][0]                
                                                                 cu_dnngru_2[0][0]                
__________________________________________________________________________________________________
flatten_1 (Flatten)             (None, 15000)        0           concatenate_1[0][0]              
__________________________________________________________________________________________________
dense_1 (Dense)                 (None, 42)           630042      flatten_1[0][0]                  
==================================================================================================
Total params: 8,225,562
Trainable params: 8,225,562
Non-trainable params: 0
__________________________________________________________________________________________________
  
        return     set     get     add   creat   initi    test   remov   check      is    call retriev   updat    auto   writedetermin    read   handl      to      if  insert descrpt     use    load   delet convert   start   clear   print    find   reset    save    send   gener   close  compar   indic perform   chang    show   other
  return    7038      33    2213      11      84      14       3       5     126       4       0       3       1       0       0      12      11       0       0       0       0       0       0       1       5      28       0       0       1      26       1       3       0       4       1      15       0       0       0       1    1377
     set      17   10379      12      39      11      14       2       3       1       0       1       0      23       0       1       0       0       0       0       0       0       0       0       1       0       0       2       5       0       0      12       1       2       0       1       0       0       1       7       9     495
     get    4632      19    3269       4      18      10       3       3      17       0       0      15       4       0       1       3       3       1       0       0       0       0       0       1       2       6       0       0       2       4       0       1       0       3       0       0       0       0       0       1     676
     add       2      48       4    2904      15       0       9       2       0       0       0       0       2       0       1       0       0       0       0       0       6       0       0       1       1       0       0       0       5       0       0       1       3       0       0       0       0       0       0       1     318
   creat      79      26      24      44    1016      11      14       0       2       0       0       0       2       0       0       0       1       0       0       0       1       0       0       5       0       7       4       1       3       2       0       0       2      10       0       0       0       0       0       0     449
   initi      26      20       7       2      20    1565       0       0       0       0       0       0       2       0       0       0       1       0       0       0       1       0       0       2       0       0       4       0       1       0       0       0      12       0       0       0       0       0       0       2     232
    test      87       2       2       1       2       1    1072       1      32       2       0       0       2       0       0       2       1       0       0       0       0       0       0       0       0       0       1       0       0       0       0       0       0       0       0       3       0       0       0       0     295
   remov       8       1       0       1       0       1       3    1166       0       0       0       0       2       0       0       0       0       0       1       0       0       0       0       1      30       0       0      69       0       0       4       1       0       0       3       0       0       0       0       0     210
   check     485       9      12       2       3       1      46       1     414       3       0       0       3       0       0       9       0       0       0       1       0       0       0       1       0       0       0       0       1       1       0       2       0       1       0      12       0       0       1       4     454
      is     158      39      14      15      13       7       3       7      27      39       1       0       9       0       1       1       0       4       0       0       2       0       0       0       0       1       4       3       3       1       1       1       5       2       0       2       0       1       0       0     270
    call       6      28       5      12       7       5       0       7       2       1      28       1      18       0       0       0       0       4       0       0       1       0       0       0       1       0       8       3       3       0       3       2       1       0       3       0       0       1       1       0     597
 retriev     230       0     116       0       0       9       0       1       1       0       0      31       0       0       0       0       0       0       0       0       0       0       0       1       0       0       0       0       0      13       0       0       0       0       0       0       0       0       0       0      68
   updat       2      25       1       2       2       0       0       1       2       0       0       0     395       0       0       0       0       2       0       0       1       0       0       1       0       0       0       0       0       0       3       1       5       0       0       0       0       0       4       0      94
    auto       1       1       5       2       0       0       0       0       0       0       0       0       0       8       0       0       0       0       0       0       0       0       0       0       0       0       0       0       0       0       0       0       0       0       0       0       0       0       0       0       2
   write       4      19       0       0       3       1       3       0       0       0       0       0       1       0     257       0       0       0       0       0       0       0       0       1       0       1       1       0      15       0       0      11       1       1       5       0       0       0       0       0     174
determin     179      21      21       0       0       0       1       0      32       0       0       0       1       0       0      11       0       0       0       0       0       0       0       0       0       0       0       0       0       0       0       0       0       1       0       7       0       0       0       0     114
    read      34       4       6       6       0       1       0       0       1       0       0       0       2       0       0       0     202       0       0       0       0       0       0      16       0       2       0       0       0       0       0       0       0       0       0       0       0       0       0       0     106
   handl       0       5       1       2       0       0       2       3       0       0       0       0       4       0       0       0       0      55       0       0       1       0       0       1       1       0       0       0       0       0       0       0       0       0       1       0       0       0       0       0     164
      to      65      73      31      17       5       4       0       3       3       0       0       0      13       0       9       0       0       0       0       0       1       0       0       2       0       4       3       0       1       1       2       1       0       1       4       3       0       0       2       2     109
      if      40      39      15       2       1       1       2       1      11       1       0       0       8       0       2       0       1       0       0       1       0       0       0       0       1       0       0       0       3       0       0       0       2       1       0       1       0       0       0       0     112
  insert       5       4       2      25       2       0       0       0       2       0       0       0       1       0       0       0       0       0       0       0      95       0       0       0       0       0       0       0       0       0       0       0       0       0       1       0       0       0       0       0      46
 descrpt       0       0       0       0       0       0       0       0       0       0       0       0       0       0       0       0       0       0       0       0       0       0       0       0       0       0       0       0       0       0       0       0       0       0       0       0       0       0       0       0       0
     use      64      54      23      12       7       3       4       7       6       0       0       0       2       0       1       1       0       1       0       0       2       0       0       1       1       0       2       1       5       1       1       0       1       2       1       0       0       0       2       2     135
    load      10       2       7       4       2       7       0       0       0       0       0       0       0       0       0       0       2       0       0       0       0       0       0     231       0       0       0       0       0       1       0       0       0       0       0       0       0       0       0       1      66
   delet       0       1       0       0       0       0       0      25       0       0       0       0       2       0       0       0       0       0       0       0       0       0       0       0     211       0       0       4       0       0       3       0       0       0       0       0       0       0       0       0      43
 convert      74       4      17       0       2       0       2       0       0       0       0       0       1       0       0       0       0       0       0       0       0       0       0       0       0     104       0       0       0       0       0       0       1       0       0       0       0       0       0       0     135
   start       2       4       4       0       6       1       3       0       1       0       0       0       3       0       0       0       0       0       0       0       0       0       0       0       0       0     120       0       1       0       2       0       0       1       0       0       0       1       0       0     151
   clear       0       4       0       0       0       0       0      10       0       0       0       0       1       0       0       0       1       0       0       0       0       0       0       1       0       0       0     218       0       0      16       0       0       0       1       0       0       0       0       0      54
   print      21       2       1       0       4       0       1       0       0       0       0       0       0       0       5       0       0       0       0       0       0       0       0       0       0       0       0       0     268       0       0       0       1       3       0       0       0       0       0       3      91
    find     136       1      17       2       0       0       0       1       4       0       0       0       2       0       0       0       0       0       0       0       0       0       0       0       1       0       0       0       0     125       0       0       0       0       0       0       0       0       0       0      99
   reset       1      11       0       0       0       2       0       0       0       0       0       0       4       0       0       0       0       0       0       0       0       0       0       3       1       0       0      18       0       0     201       0       0       0       0       0       0       0       0       0      46
    save       0       8       0       1       2       0       0       0       0       0       0       0       2       0       0       0       0       0       0       0       0       0       0       0       0       0       1       0       0       0       0     167       0       0       1       0       0       2       0       0      38
    send       1       3       0       0       1       0       0       0       0       0       0       0       5       0       4       0       0       0       0       0       1       0       0       0       1       0       2       0       2       0       0       0     165       1       1       0       0       0       0       0      86
   gener      17       3       3       5      10       0       0       0       1       0       0       1       1       0       1       0       0       0       0       0       0       0       0       0       1       1       0       0       1       0       0       0       0      86       0       0       0       0       0       0      81
   close       2       0       0       0       0       0       0       1       0       0       0       0       0       0       0       0       0       0       0       0       0       0       0       0       1       0       0       0       0       0       0       0       0       0     247       0       0       0       0       0      65
  compar       8       0       0       0       0       0       0       0       7       0       0       0       0       0       0       0       0       0       0       0       0       0       0       0       0       0       0       0       0       1       0       0       0       0       0     133       0       0       0       0      62
   indic      92      19       3       1       0       0       0       0       8       0       0       1       0       0       0       0       0       0       0       0       0       0       0       0       0       0       0       0       0       0       0       0       0       0       0       2       1       0       0       0      59
 perform       4       1       1       2       2       1       6       0       3       0       0       0       1       0       0       0       2       1       0       0       0       0       0       1       2       6       0       1       0       1       0       3       1       0       0       1       0      16       0       1     185
   chang       1     194       0       0       0       0       1       2       1       0       0       0       6       0       0       0       0       0       0       0       0       0       0       0       0       0       0       1       0       0       0       0       0       0       0       0       0       0      68       0      74
    show       9      16       3       0       0       1       0       0       0       0       0       0       5       0       1       0       0       0       0       0       0       0       0       2       0       0       1       0       1       0       0       4       0       0       0       0       0       0       0      99     129
   other    2344    1612     774     395     558     136     444     139     200      12       9      15     138       1      50      13      53      48       1       0      15       0       0      78      43      42      37      37      53      67      53      49      75      25      59      50       0      17      17      68   13753

              precision    recall  f1-score   support

      return       0.44      0.64      0.52     11021
         set       0.82      0.94      0.87     11039
         get       0.49      0.38      0.43      8698
         add       0.83      0.87      0.85      3323
       creat       0.57      0.60      0.58      1703
       initi       0.87      0.82      0.85      1897
        test       0.66      0.71      0.68      1506
       remov       0.84      0.78      0.81      1501
       check       0.46      0.28      0.35      1466
          is       0.63      0.06      0.11       634
        call       0.72      0.04      0.07       748
     retriev       0.46      0.07      0.12       470
       updat       0.59      0.73      0.65       541
        auto       0.89      0.42      0.57        19
       write       0.77      0.52      0.62       498
    determin       0.21      0.03      0.05       388
        read       0.73      0.53      0.61       380
       handl       0.47      0.23      0.31       240
          to       0.00      0.00      0.00       359
          if       0.50      0.00      0.01       245
      insert       0.75      0.52      0.61       183
     descrpt       0.00      0.00      0.00         0
         use       0.00      0.00      0.00       342
        load       0.66      0.69      0.67       333
       delet       0.70      0.73      0.71       289
     convert       0.51      0.31      0.38       340
       start       0.63      0.40      0.49       300
       clear       0.60      0.71      0.65       306
       print       0.73      0.67      0.70       400
        find       0.51      0.32      0.40       388
       reset       0.67      0.70      0.68       287
        save       0.67      0.75      0.71       222
        send       0.60      0.60      0.60       273
       gener       0.61      0.41      0.49       212
       close       0.75      0.78      0.77       316
      compar       0.58      0.63      0.60       211
       indic       1.00      0.01      0.01       186
     perform       0.41      0.07      0.11       242
       chang       0.67      0.20      0.30       348
        show       0.51      0.37      0.43       271
       other       0.63      0.64      0.64     21480

   micro avg       0.63      0.63      0.63     73605
   macro avg       0.59      0.44      0.46     73605
weighted avg       0.62      0.63      0.61     73605

