_________________________________________________________________
Layer (type)                 Output Shape              Param #   
=================================================================
input_1 (InputLayer)         (None, 50)                0         
_________________________________________________________________
embedding_1 (Embedding)      (None, 50, 100)           7500000   
_________________________________________________________________
cu_dnngru_1 (CuDNNGRU)       [(None, 50, 100), (None,  60600     
_________________________________________________________________
flatten_1 (Flatten)          (None, 5000)              0         
_________________________________________________________________
dense_1 (Dense)              (None, 42)                210042    
=================================================================
Total params: 7,770,642
Trainable params: 7,770,642
Non-trainable params: 0
_________________________________________________________________

          return     set     get     add   creat   initi    test   remov   check      is    call retriev   updat    auto   writedetermin    read   handl      to      if  insert descrpt     use    load   delet convert   start   clear   print    find   reset    save    send   gener   close  compar   indic perform   chang    show   other
  return    5765      33    3707       9      97      19      12       6     239       0       0       3       1       0       0      19      13       0       0       0       0       0       0       3       5      22       0       0       1      33       1       3       0       4       1      27       0       0       0       0     998
     set      19   10367      16      42      11      35       2       3       1       0       0       0      28       0       1       0       0       3       0       0       0       0       0       2       1       0       4       6       0       0      12       0       1       0       1       0       0       0       5      11     468
     get    3393      21    4796       6      15      26       3       4      25       0       0      16       4       0       1       2       5       0       0       0       1       0       0       2       2       4       0       1       1       8       0       1       0       1       0       1       0       0       0       1     358
     add       3      45       4    2959      11       3      10       2       1       0       0       0       2       0       3       0       0       0       0       0       8       0       0       5       1       0       0       0       4       0       0       1       3       0       0       0       0       0       0       0     258
   creat      71      24      58      47    1011      32      16       0       2       0       0       0       2       0       0       0       1       0       0       0       1       0       0       5       0       2       6       2       4       1       0       0       2       7       0       0       0       0       0       1     408
   initi      17      16      13       2      13    1701       0       0       0       0       0       0       2       0       0       0       2       0       0       0       1       0       0       2       0       0       5       0       1       0       0       0      12       0       0       0       0       0       0       0     110
    test      98       2       2       2       1       2    1185       2      49       0       0       0       1       0       0       1       2       0       0       0       0       0       0       0       0       0       1       0       3       1       0       0       0       0       0       8       0       0       0       0     146
   remov       6       1       1       1       0       1       4    1185       0       0       0       0       2       0       0       0       0       0       0       0       0       0       0       2      35       0       0      71       0       0       4       2       0       0       2       0       0       0       0       0     184
   check     511       8      14       2       3       2      69       3     522       0       0       0       3       0       0      12       0       0       0       0       0       0       0       2       0       0       0       0       1       2       0       2       0       0       0      23       0       0       1       1     285
      is     156      37      22      15      11      11       3       8      44      28       1       0      10       0       1       0       1       2       0       0       2       0       0       0       2       1       6       3       3       1       1       1       3       0       1       2       0       1       0       0     257
    call       2      33       8      15       7      11       1       7       5       0      12       0      19       0       0       0       0       2       0       0       1       0       0       1       3       0       8       1       3       2       3       5       0       0       3       0       0       0       1       0     595
 retriev     181       0     200       0       0       7       0       1       2       0       0      27       0       0       0       0       0       0       0       0       0       0       0       1       0       0       0       0       0      14       0       0       0       0       0       0       0       0       0       0      37
   updat       2      26       1       2       1       0       0       1       4       0       0       0     402       0       0       0       0       2       0       0       0       0       0       1       0       0       0       0       0       0       4       1       4       0       0       0       0       0       4       1      85
    auto       1       2       5       2       0       0       0       0       0       0       0       0       0       5       0       0       0       0       0       0       0       0       0       0       0       0       0       0       0       0       0       0       0       0       0       0       0       0       0       0       4
   write       3      23       4       0       3       0       4       0       0       0       0       0       1       1     311       0       0       0       0       0       0       0       0       1       0       0       2       0       9       0       0      12       1       1       5       0       0       0       0       0     117
determin     201      20      22       0       0       2       1       0      64       0       0       0       1       0       0       4       0       0       0       0       0       0       0       0       0       0       0       0       0       0       0       0       0       1       0       7       0       0       0       0      65
    read      18       3      19       6       0       9       0       0       2       0       0       0       2       0       0       0     221       0       0       0       0       0       0      16       0       0       0       0       0       0       0       0       0       0       0       0       0       0       0       0      84
   handl       1       4       2       2       0       0       2       2       0       0       0       0       4       0       0       0       0      46       0       0       0       0       0       1       0       0       0       0       0       0       0       0       0       0       1       0       0       0       0       0     175
      to      58      75      46      20       5       3       1       3       3       0       0       0      11       0      10       0       0       0       0       0       0       0       0       5       0       1       4       0       1       1       2       1       0       1       5       3       0       0       1       2      97
      if      48      38      14       2       1       2       3       1       9       0       0       0       8       0       3       0       1       0       0       0       0       0       0       0       1       0       0       0       3       0       1       0       0       0       0       1       0       0       0       0     109
  insert       4       5       2      27       3       0       0       0       2       0       0       0       0       0       0       0       1       0       0       0     100       0       0       0       0       0       0       0       0       0       0       0       0       0       1       0       0       0       0       0      38
 descrpt       0       0       0       0       0       0       0       0       0       0       0       0       0       0       0       0       0       0       0       0       0       0       0       0       0       0       0       0       0       0       0       0       0       0       0       0       0       0       0       0       0
     use      64      52      36      12       6       5       5       7       6       0       1       0       3       0       1       0       0       1       0       0       2       0       0       1       1       0       3       1       7       2       1       0       1       3       1       1       0       0       2       2     115
    load      13       3       8       4       1      15       0       0       0       0       0       0       0       0       0       0       2       0       0       0       0       0       0     241       0       0       0       0       0       1       0       0       0       0       0       0       0       0       0       0      45
   delet       0       1       0       0       0       0       0      20       0       0       0       0       1       0       0       0       0       0       0       0       0       0       0       0     227       0       0       5       0       0       3       0       0       0       0       0       0       0       0       0      32
 convert      70       4      27       0       1       0       6       0       0       0       0       0       1       0       1       0       0       0       0       0       0       0       0       0       0      91       0       0       0       0       0       0       1       0       0       0       0       0       0       0     138
   start       2       3       5       0       4       1       3       0       0       0       0       0       3       0       0       0       0       0       0       0       0       0       0       0       0       0     137       0       2       0       2       0       0       0       0       0       0       0       0       0     138
   clear       0       3       0       0       1       0       0       7       0       0       0       0       1       0       0       0       2       0       0       0       0       0       0       1       2       0       0     232       0       0      16       0       0       0       0       0       0       0       0       0      41
   print      25       2       0       0       3       0       2       0       0       0       0       0       0       0      16       0       0       0       0       0       0       0       0       0       0       1       0       0     260       0       0       0       1       3       0       0       0       0       0       3      84
    find     106       2      44       2       1       0       0       1       6       0       0       0       2       0       0       0       0       0       0       0       0       0       0       0       1       0       0       0       0     161       0       0       0       0       0       1       0       0       0       0      61
   reset       0      11       1       0       0       4       0       0       0       0       0       0       3       0       0       0       0       0       0       0       0       0       0       3       2       0       0      17       0       0     204       0       0       0       0       0       0       0       0       0      42
    save       0       8       0       2       1       0       0       0       0       0       0       0       2       0       1       0       0       0       0       0       0       0       0       0       0       0       1       0       0       0       0     170       0       0       1       0       0       2       0       0      34
    send       1       2       0       0       0       0       0       0       0       0       0       0       4       0       5       0       0       0       0       0       1       0       0       0       1       0       3       0       2       0       0       0     135       1       1       0       0       0       0       0     117
   gener      22       3       6       5      10       0       0       0       1       0       0       1       1       0       0       0       0       0       0       0       0       0       0       1       1       0       0       0       1       0       0       0       0      82       0       0       0       0       0       0      78
   close       0       0       1       0       0       0       0       0       0       0       0       0       0       0       0       0       0       0       0       0       0       0       0       0       1       0       0       1       0       0       0       0       0       0     232       0       0       0       0       0      81
  compar      13       0       0       0       0       0       1       0       6       0       0       0       0       0       0       0       0       0       0       0       0       0       0       0       0       0       0       0       0       1       0       0       0       0       0     160       0       0       0       0      30
   indic     106      12       3       1       0       0       1       0      12       0       0       0       0       0       0       0       0       0       0       0       0       0       0       0       0       0       0       1       0       0       0       0       0       0       0       6       0       0       0       0      44
 perform       4       1       4       2       2       5       7       0       4       0       0       0       1       0       0       0       0       0       0       0       0       0       0       1       5       5       1       1       0       1       0       3       1       0       0       1       0       8       0       1     184
   chang       2     191       0       0       0       0       0       2       1       0       0       0       6       0       0       0       0       0       0       0       0       0       0       0       0       0       0       1       0       0       1       0       0       0       0       0       0       0      60       0      84
    show      11      16       1       0       0       1       0       0       0       0       0       0       5       0       0       0       0       0       0       0       0       0       0       2       0       0       2       0       1       0       0       4       0       0       0       0       0       0       0      87     141
   other    2164    1596    1336     429     538     260     641     150     279       2      15      14     147       0      75      11      68      36       0       0      22       0       0      88      45      34      50      42      56      97      56      47      43      20      66      78       0       5      12      55   12903

              precision    recall  f1-score   support

      return       0.44      0.52      0.48     11021
         set       0.82      0.94      0.87     11039
         get       0.46      0.55      0.50      8698
         add       0.82      0.89      0.85      3323
       creat       0.57      0.59      0.58      1703
       initi       0.79      0.90      0.84      1897
        test       0.60      0.79      0.68      1506
       remov       0.84      0.79      0.81      1501
       check       0.40      0.36      0.38      1466
          is       0.93      0.04      0.08       634
        call       0.41      0.02      0.03       748
     retriev       0.44      0.06      0.10       470
       updat       0.59      0.74      0.66       541
        auto       0.83      0.26      0.40        19
       write       0.72      0.62      0.67       498
    determin       0.08      0.01      0.02       388
        read       0.69      0.58      0.63       380
       handl       0.50      0.19      0.28       240
          to       0.00      0.00      0.00       359
          if       0.00      0.00      0.00       245
      insert       0.72      0.55      0.62       183
     descrpt       0.00      0.00      0.00         0
         use       0.00      0.00      0.00       342
        load       0.62      0.72      0.67       333
       delet       0.68      0.79      0.73       289
     convert       0.57      0.27      0.36       340
       start       0.59      0.46      0.51       300
       clear       0.60      0.76      0.67       306
       print       0.72      0.65      0.68       400
        find       0.49      0.41      0.45       388
       reset       0.66      0.71      0.68       287
        save       0.67      0.77      0.72       222
        send       0.65      0.49      0.56       273
       gener       0.66      0.39      0.49       212
       close       0.72      0.73      0.73       316
      compar       0.50      0.76      0.60       211
       indic       0.00      0.00      0.00       186
     perform       0.50      0.03      0.06       242
       chang       0.70      0.17      0.28       348
        show       0.53      0.32      0.40       271
       other       0.67      0.60      0.63     21480

   micro avg       0.63      0.63      0.63     73605
   macro avg       0.54      0.45      0.46     73605
weighted avg       0.62      0.63      0.61     73605

