__________________________________________________________________________________________________
Layer (type)                    Output Shape         Param #     Connected to                     
==================================================================================================
input_1 (InputLayer)            (None, 50)           0                                            
__________________________________________________________________________________________________
input_2 (InputLayer)            (None, 100, 8)       0                                            
__________________________________________________________________________________________________
embedding_1 (Embedding)         (None, 50, 100)      7500000     input_1[0][0]                    
__________________________________________________________________________________________________
time_distributed_1 (TimeDistrib (None, 100, 8, 100)  7500000     input_2[0][0]                    
__________________________________________________________________________________________________
cu_dnngru_1 (CuDNNGRU)          [(None, 50, 256), (N 274944      embedding_1[0][0]                
__________________________________________________________________________________________________
time_distributed_2 (TimeDistrib (None, 100, 256)     274944      time_distributed_1[0][0]         
__________________________________________________________________________________________________
concatenate_1 (Concatenate)     (None, 150, 256)     0           cu_dnngru_1[0][0]                
                                                                 time_distributed_2[0][0]         
__________________________________________________________________________________________________
flatten_1 (Flatten)             (None, 38400)        0           concatenate_1[0][0]              
__________________________________________________________________________________________________
dense_1 (Dense)                 (None, 41)           1574441     flatten_1[0][0]                  
==================================================================================================
Total params: 17,124,329
Trainable params: 17,124,329
Non-trainable params: 0
__________________________________________________________________________________________________

          return     set     get     add   creat   initi    test   remov   check      is    call retriev   updat    auto   writedetermin    read   handl      to      if  insert descrpt     use    load   delet convert   start   clear   print    find   reset    save    send   gener   close  compar   indic perform   chang    show   other
  return    5057      29    4274       8      96      13      16       6     238      21       0      10       1       0       0      20      14       0       0       0       0       0       0       2       5      16       6       0       2      35       1       3       0       4       1       7       5       0       0       0    1131
     set      10   10385      20      40      18      26       2       3       2       0       0       0      28       0       1       0       0       1       0       1       0       0       0       1       0       0       3       5       0       0      12       0       2       0       2       0       0       1       2      12     462
     get    2965      21    5170       7      24      16       5       2      26       4       0      23       5       0       1       5      10       1       0       0       1       0       0       3       2       4       2       1       1       8       0       1       0       3       0       0       0       0       0       3     384
     add       3      48       3    2860      19       4      10       2       1       0       0       0       2       0       2       0       0       0       0       0      14       0       0       5       1       0       2       0       4       0       0       1       2       0       0       0       0       0       0       2     338
   creat      65      29      49      38    1036      24      17       0       2       2       2       1       2       0       1       0       1       0       0       0       1       0       0       5       0       4       5       1       2       1       0       0       2      10       1       0       0       1       0       2     399
   initi      10      20      11       3      11    1688       0       0       0       1       0       0       2       0       0       0       1       0       0       0       1       0       0       2       0       1       6       0       1       0       0       0       8       0       0       0       0       0       0       3     128
    test      82       2       4       2       1       1    1107       0      46       2       0       0       1       0       0       2       2       0       0       0       0       0       0       0       0       0       2       0       1       0       0       0       0       0       0       0       0       0       0       0     251
   remov       9       1       1       1       0       0       3    1197       0       1       0       0       2       0       0       0       0       1       0       0       0       0       0       0      31       0       0      67       0       0       5       3       0       0       3       0       0       0       0       0     176
   check     444       8      35       2       3       2      75       2     515      10       0       1       3       0       0      14       0       0       0       0       0       0       0       2       0       0       0       0       1       0       0       2       0       1       0       5       1       0       1       3     336
      is     117      39      41      13      13       9       3       6      35      62       1       0      10       0       1       0       1       0       0       0       2       0       0       0       0       1       6       3       3       1       1       1       4       2       0       0       2       0       0       0     257
    call       5      31       7      13       9       7       1       7       3       1      33       0      20       0       0       0       1       3       0       0       1       0       0       1       2       0      12       4       3       2       4       4       1       0       5       0       0       0       2       0     566
 retriev     170       0     183       0       0       9       0       1       3       0       0      39       1       0       0       0       1       0       0       0       0       0       0       1       0       0       0       0       0      14       0       0       0       0       0       0       0       0       0       0      48
   updat       0      27       2       2       1       0       0       0       3       0       0       0     400       0       0       1       0       2       0       0       2       0       0       1       0       0       0       0       0       0       2       1       3       0       0       0       0       0       4       2      88
    auto       0       1       6       2       0       0       0       0       0       0       0       0       0       9       0       0       0       0       0       0       0       0       0       0       0       0       0       0       0       0       0       0       0       0       0       0       0       0       0       0       1
   write       2      22       4       0       3       0       4       0       0       0       0       0       1       0     292       0       0       0       0       0       0       0       0       1       0       0       1       0       8       0       0      11       1       1       3       0       0       0       0       0     144
determin     153      21      40       0       0       2       8       0      65       2       0       0       1       0       0       8       0       0       0       0       0       0       0       0       0       1       0       0       0       0       0       0       0       1       0       1       0       0       0       0      85
    read      22       3      15       5       1       8       1       0       1       0       0       0       2       0       0       0     221       0       0       0       0       0       0      16       0       1       0       0       0       0       0       0       0       0       0       0       0       0       0       0      84
   handl       0       4       1       0       0       0       2       2       0       0       3       0       4       0       0       0       0      40       0       0       0       0       0       1       0       0       0       0       0       0       0       0       0       0       1       0       0       0       0       0     182
      to      42      74      53      18       4       4       0       3       3       0       0       0      12       0      10       0       0       0       0       0       1       0       0       4       0       1       4       0       0       1       1       1       0       1       4       3       0       0       2       3     110
      if      33      39      25       2       1       1       4       2       7       1       0       0       7       0       3       0       1       0       0       1       0       0       0       0       1       0       0       1       2       0       0       0       0       0       0       1       0       0       0       0     113
  insert       2       4       3      17       2       0       0       0       2       0       0       0       0       0       0       0       0       0       0       0     115       0       0       0       0       0       0       0       0       0       0       0       0       0       1       0       0       0       0       0      37
 descrpt       0       0       0       0       0       0       0       0       0       0       0       0       0       0       0       0       0       0       0       0       0       0       0       0       0       0       0       0       0       0       0       0       0       0       0       0       0       0       0       0       0
     use      59      53      34      11       7       4       6       7       7       0       1       0       2       0       1       1       0       1       0       0       2       0       0       1       1       0       4       1       4       2       1       0       1       3       1       0       0       0       0       2     125
    load      13       3       9       4       2      10       0       0       0       0       0       0       0       0       0       0       6       0       0       0       0       0       0     226       0       0       0       0       0       0       0       0       0       0       0       0       0       0       0       3      57
   delet       1       1       0       0       0       0       0      28       0       0       0       0       2       0       0       0       0       0       0       0       0       0       0       0     193       0       0       5       0       0       3       0       0       0       0       0       0       0       0       0      56
 convert      60       4      28       0       5       0      10       0       0       0       0       0       1       0       1       0       0       0       0       0       0       0       0       0       0     105       0       0       0       0       0       0       1       1       0       0       0       0       0       0     124
   start       0       5       4       0       8       1       1       0       1       0       1       0       4       0       0       0       0       0       0       0       0       0       0       0       0       0     158       0       0       0       2       0       0       0       0       0       0       1       0       0     114
   clear       0       3       0       0       0       0       0      24       0       0       0       0       1       0       0       0       2       0       0       0       0       0       0       1       1       0       0     223       0       0      14       0       1       0       0       0       0       1       0       0      35
   print      18       2       1       0       4       0       1       0       0       0       0       0       0       0       7       0       0       0       0       0       0       0       0       0       0       0       0       0     211       0       0       0       1       5       0       0       0       0       0       3     147
    find      86       2      56       2       3       1       0       1       5       0       0       0       2       0       0       0       0       0       0       0       0       0       0       0       1       0       0       0       0     135       0       0       0       0       0       0       0       0       0       0      94
   reset       0      10       1       0       0       4       0       0       0       0       0       0       5       0       0       0       0       0       0       0       0       0       0       4       1       0       0      20       0       0     209       0       0       0       0       0       0       0       0       0      33
    save       0       9       1       2       1       0       0       0       0       0       0       0       2       0       0       0       0       0       0       0       0       0       0       0       0       0       1       0       0       0       0     167       0       0       1       0       0       2       0       1      35
    send       1       4       1       0       1       0       0       0       0       0       0       0       5       0       4       0       0       0       0       0       1       0       0       0       1       0       3       0       2       0       0       0     164       0       1       0       0       0       0       0      85
   gener      12       3      11       4      14       0       0       0       1       0       0       0       1       0       1       0       0       0       0       0       0       0       0       1       1       1       0       0       0       0       0       0       0      90       0       0       0       0       0       0      72
   close       2       0       0       0       0       0       0       1       0       0       1       0       0       0       0       0       0       0       0       0       0       0       0       0       1       0       0       0       0       0       0       0       0       0     225       0       0       0       0       0      86
  compar      12       0       2       0       0       0       8       0       8       0       0       0       0       0       0       0       0       0       0       0       0       0       0       0       0       0       0       0       0       1       0       0       0       0       0     120       0       0       0       0      60
   indic      76      19      18       1       1       0       2       0      19       2       0       0       0       0       0       1       1       0       0       0       0       0       0       0       0       0       0       1       0       0       0       0       0       0       0       0       2       0       0       0      43
 perform       7       1       4       2       1       5       7       0       3       0       0       0       1       0       0       0       2       0       0       0       1       0       0       1       3       2       1       1       0       1       1       4       1       0       0       1       0      12       0       1     179
   chang       1     194       0       0       0       0       1       1       1       0       0       0       5       0       0       0       0       1       0       0       0       0       0       0       0       0       0       2       0       0       0       0       0       0       0       0       0       0      51       0      91
    show       4      11       2       0       1       1       0       0       0       0       0       0       5       0       0       0       0       0       0       0       0       0       0       2       0       0       1       0       1       0       0       3       0       0       0       0       0       0       0     131     109
   other    1891    1614    1395     388     605     226     545     146     286      20      22      19     153       0      55      14      60      33       0       1      22       0       0      78      40      48      67      39      29      78      56      44      57      29      60      43       9      10      12      82   13204

              precision    recall  f1-score   support

      return       0.44      0.46      0.45     11021
         set       0.81      0.94      0.87     11039
         get       0.45      0.59      0.51      8698
         add       0.83      0.86      0.84      3323
       creat       0.55      0.61      0.58      1703
       initi       0.82      0.89      0.85      1897
        test       0.60      0.74      0.66      1506
       remov       0.83      0.80      0.81      1501
       check       0.40      0.35      0.37      1466
          is       0.48      0.10      0.16       634
        call       0.52      0.04      0.08       748
     retriev       0.42      0.08      0.14       470
       updat       0.58      0.74      0.65       541
        auto       1.00      0.47      0.64        19
       write       0.77      0.59      0.67       498
    determin       0.12      0.02      0.04       388
        read       0.68      0.58      0.63       380
       handl       0.48      0.17      0.25       240
          to       0.00      0.00      0.00       359
          if       0.33      0.00      0.01       245
      insert       0.70      0.63      0.66       183
     descrpt       0.00      0.00      0.00         0
         use       0.00      0.00      0.00       342
        load       0.63      0.68      0.65       333
       delet       0.68      0.67      0.67       289
     convert       0.57      0.31      0.40       340
       start       0.56      0.53      0.54       300
       clear       0.60      0.73      0.66       306
       print       0.77      0.53      0.63       400
        find       0.48      0.35      0.40       388
       reset       0.67      0.73      0.70       287
        save       0.68      0.75      0.71       222
        send       0.66      0.60      0.63       273
       gener       0.60      0.42      0.50       212
       close       0.73      0.71      0.72       316
      compar       0.66      0.57      0.61       211
       indic       0.11      0.01      0.02       186
     perform       0.43      0.05      0.09       242
       chang       0.69      0.15      0.24       348
        show       0.52      0.48      0.50       271
       other       0.66      0.61      0.64     21480

   micro avg       0.62      0.62      0.62     73605
   macro avg       0.55      0.45      0.47     73605
weighted avg       0.61      0.62      0.61     73605

